# LAMMPS data file written by OVITO
884 atoms
Atoms # atomic

3201 1 -5.3982343537 -11.5986698135 -6.1439467096 0 0 0
8325 2 -5.7307816153 -9.1472268971 -7.5973825162 0 -1 0
5805 2 -3.9934835241 -9.1646920727 -5.9801207111 1 0 0
5812 2 -2.2287716347 -12.2931135397 -6.3322327373 0 0 0
2182 1 -2.5565202284 -10.18395864 -8.0752281695 0 0 0
8119 2 -0.2428430846 -10.2636332593 -10.0395585839 0 1 0
9314 2 0.1847694601 -10.876330495 -7.298824024 0 1 0
3251 1 2.1597772903 -9.5640584887 -8.9234364612 0 1 1
6487 2 2.423903866 -11.9063059854 -7.6049775208 0 0 0
8258 2 3.4143464622 -10.1785096642 -6.0641134076 0 0 -1
8992 2 4.5167969446 -12.3041502773 -6.4288753353 1 0 0
9983 2 4.7509082969 -10.4188347161 -8.1421818028 -1 0 0
1707 1 7.1417670051 -11.0292339986 -6.9576755635 0 0 0
1362 1 -0.890048534 -9.035354373 -5.6414120012 0 0 0
4741 2 5.9263904725 -9.0262174413 -5.6634366964 0 0 0
2523 1 -2.0045381188 -13.8347382213 -3.6071985176 0 1 1
2316 1 -1.1999578231 -14.1254394796 -0.5128125157 0 0 0
4664 2 -4.1847950552 -13.9428035206 -1.4118789178 0 0 0
2505 1 1.1448128107 -13.892685689 -3.4352134668 0 0 1
5207 2 4.1707679013 -13.6280044227 -4.1869884686 0 0 0
8043 2 -9.3569848932 -11.5447905285 -1.8320102363 0 0 0
7129 2 -9.8319144664 -9.5401541619 -3.5596072582 0 0 0
1153 1 -9.1946510295 -9.2849285286 -0.068524743 0 0 0
4332 2 -7.2268650931 -9.9149249963 -1.7992752922 0 0 0
4069 2 -6.6892658408 -13.0707068047 -1.7800388216 0 0 -1
1159 1 -7.5684149763 -11.3884590608 -3.9198390017 0 1 0
4734 2 -5.4522997189 -9.5302717366 -3.8761872958 0 0 1
3730 2 -4.8413699402 -12.5864292838 -3.4068039076 0 0 0
658 1 -4.9021881308 -11.0152363736 -1.117235541 0 0 0
3935 2 -2.6357275398 -9.353931862 -1.6024466425 0 0 0
4017 2 -0.3200942056 -11.7634273601 -4.8575836841 0 1 0
1806 1 -2.9261921207 -10.7875935869 -4.0497798891 0 0 0
8740 2 -2.6317923296 -12.1052296998 -1.6608001581 0 1 0
1020 1 -0.1971974987 -11.2690148425 -2.1821943119 0 0 1
9733 2 2.3662042122 -12.221930442 -5.1551067398 0 0 0
4291 2 1.4368477495 -13.2179216297 -0.7128469537 0 1 0
6998 2 1.4245874872 -10.1227530308 -4.317229946 0 0 0
1187 1 3.0074350511 -11.5632346878 -2.4224287532 0 0 0
3177 1 4.2486765393 -9.4613649647 -0.2038970279 0 0 0
8734 2 1.5520084621 -10.6581280474 -0.2572021597 0 1 0
1082 1 5.5868183643 -11.4588746626 -4.1493571476 0 0 0
4588 2 6.0644822135 -9.5512864303 -2.2431123195 0 0 0
4985 2 5.4230045627 -11.8103277389 -1.2495766316 0 1 0
456 1 8.105429144 -11.3788167842 -1.5744713276 0 0 0
4179 2 7.7290765386 -10.0194473548 -4.1364099116 0 0 0
6427 2 9.055635477 -9.0619121698 -2.2439249533 -1 0 0
8909 2 -5.9550799395 -13.4860631243 0.623893188 0 0 0
8951 2 -1.9426389741 -14.1398957499 2.2178166313 0 1 0
9975 2 -4.3436563138 -13.72158709 2.8570166066 0 1 0
5232 2 0.5090639801 -13.8970615496 3.9735517432 -1 0 0
7578 2 2.7531793188 -14.0567214302 3.0462465172 0 0 0
6115 2 -7.5591734021 -11.5646460173 0.2051369706 0 0 0
8358 2 -8.0043939015 -10.0493633093 2.2811900217 0 0 0
6477 2 -6.6759939638 -10.4468848259 4.3480859605 0 0 0
104 1 -5.3940176526 -11.1336551161 2.0298109961 0 1 0
8578 2 -6.3983531171 -9.2552663706 0.4150380547 -1 0 0
4840 2 -4.6579958675 -12.0960688543 4.735214464 0 1 0
466 1 -2.0438511676 -13.4073160704 4.8750038747 0 1 -1
2569 1 -0.6617513038 -9.2826793879 2.7346866454 0 0 0
3776 2 -4.2489372309 -9.7010256388 4.2041983721 0 0 0
5880 2 -1.7294536401 -10.914729933 0.2491736357 0 0 -1
6414 2 -3.4378381722 -12.6882416553 0.6416151769 0 0 0
1621 1 -2.5473893602 -11.4205523542 2.9014915355 1 0 0
9653 2 0.1311339071 -11.4440938674 4.4943884429 0 0 0
5475 2 1.945500926 -9.3730863088 1.6502574739 0 1 0
2706 1 0.256829902 -12.1728747373 1.6837057997 0 0 1
2735 1 3.461875096 -12.2674996508 0.8590707956 0 0 0
5390 2 2.282388901 -11.5340374549 3.3498256429 0 0 0
7104 2 4.1814117945 -10.1928243061 2.6391081693 0 0 0
7582 2 3.9768552748 -10.5368290045 5.2112519337 -1 0 0
4534 2 4.5523012135 -12.4940695531 3.6581783269 -1 -1 0
1117 1 6.5023795611 -11.4058405141 1.3338988221 0 0 0
4909 2 8.6076290505 -11.5498238294 3.2337627098 0 0 0
6190 2 6.3006719107 -10.6836475339 4.1317078359 -1 0 -1
7131 2 8.3848723548 -9.3988838606 1.8694417691 0 0 0
2621 1 10.6913199805 -9.8586666393 3.4453215859 0 0 0
9619 2 9.5553258983 -11.3336128259 0.968163586 0 1 0
6484 2 -4.9034356845 -9.1832943179 9.587922019 1 1 -1
6776 2 -8.078363325 -9.8925901075 6.3669761304 0 0 0
2519 1 -5.3554989123 -10.4660895591 6.8325500379 0 0 0
1693 1 -1.816978538 -10.0345369131 5.7005722866 0 0 0
4336 2 -1.084405449 -10.7593214885 8.6097089002 0 1 0
3193 1 -3.193935394 -12.3847448356 7.4027907368 0 0 -1
7730 2 -3.0863473844 -9.4978694085 8.0953002649 0 0 -1
7843 2 -0.374834503 -12.2455067125 6.8103760709 1 1 0
2530 1 2.3567575681 -12.7364644308 5.8380859443 0 0 0
8433 2 0.3497766572 -9.3352782166 9.9960420042 0 0 -1
2804 1 1.1732842792 -9.9294793096 7.0400156981 0 0 0
6351 2 3.7436287379 -10.9340364749 7.5491619999 0 1 0
2320 1 3.0907215184 -9.7574895048 9.8437885406 0 0 0
3019 1 6.29412216 -9.4113301234 6.8125228316 0 0 0
8147 2 -5.8867887758 -4.3873991616 -12.2509120586 -1 0 0
1577 1 -4.1510113871 -6.4834542856 -12.5505733291 0 0 1
4195 2 -1.818370847 -5.7576398358 -11.463049215 0 0 1
9432 2 -2.1816482934 -5.0831171457 -13.7620614793 0 0 1
5758 2 1.4596079968 -5.7242390625 -11.4160734657 0 0 0
3810 2 2.9408143476 -7.9779638463 -11.1880658812 0 0 0
4302 2 5.3313746156 -4.8767796864 -12.9898978017 0 0 0
9517 2 -9.0029091584 -0.6342711588 -11.337939412 1 -1 0
3773 2 -7.6068407016 -2.7164112686 -11.6219812017 0 0 0
3378 1 -4.7104557041 -1.6009018006 -12.6216456467 0 0 1
5543 2 -6.6251676075 -0.5228245832 -11.0037806463 0 0 1
6419 2 -3.3912140549 -3.8791013679 -11.7284513048 0 0 0
3693 2 -2.3250203923 -2.6205204862 -13.5919510235 0 0 0
7783 2 -2.0297347246 -1.4538092364 -11.4735048174 0 1 0
8166 2 -0.2545397214 -1.4045049916 -13.5068218653 0 0 0
3088 1 -0.3580174928 -3.6231905561 -11.820915982 0 0 1
5176 2 3.5918812726 -4.5084180196 -11.3677738065 0 1 0
6428 2 1.9411926819 -4.0208854212 -13.380107502 0 1 0
4905 2 3.982524028 -2.7630257008 -13.3465510834 0 0 0
2431 1 2.0139416377 -1.5800624798 -11.6973264123 0 0 0
4672 2 4.5814746255 -2.0314996627 -11.0357587906 1 1 0
1835 1 6.6958353582 -2.1877402248 -12.9123102747 -1 -1 0
3834 2 8.7447984917 -0.9306236612 -11.6740267991 0 0 0
3216 1 -7.6208878189 -9.0028364514 -5.5921995982 0 1 0
2756 1 -7.4452580222 1.8647665101 -12.548119103 1 -1 0
8768 2 -5.1500668267 0.8227489689 -13.775508046 0 -1 0
9768 2 -4.841263187 3.241402688 -12.4568274333 0 0 0
4226 2 -0.1326687559 0.1003230648 -11.5696558357 0 0 0
9005 2 -2.1978144904 3.8997139387 -12.7828282468 0 0 0
1916 1 -2.7108084618 1.1979568966 -12.1270614265 0 0 0
6968 2 -1.2977429366 2.2257837273 -14.4695349001 0 -1 1
6262 2 0.5358015763 0.8728217233 -13.8049953532 0 0 0
7275 2 3.542933041 3.2192163476 -12.6048500801 1 0 1
3289 1 0.7780040142 3.5646240736 -13.0737859824 0 0 0
4368 2 2.1117415739 1.2503870101 -11.9374718136 1 0 0
7708 2 2.7742475257 1.8017695494 -14.5037074251 0 1 1
2546 1 4.5216805555 0.1546549144 -12.9726724761 0 0 0
5465 2 7.2483444584 0.7773810383 -12.8524348519 0 1 0
3041 1 5.7972065359 2.5893321139 -11.1748653148 0 0 1
7724 2 8.847854986 4.1028806049 -11.1385684369 0 0 0
9878 2 -6.397774015 5.866829008 -12.089887381 0 0 0
938 1 -3.5811150807 6.1105023346 -11.7175086703 1 0 0
2430 1 -0.6662831104 6.2433305081 -12.9507062673 0 0 0
4276 2 -0.6966381898 8.4857672286 -11.62158605 1 0 0
8879 2 2.3646785883 5.8605256703 -13.0601481296 0 -1 0
1967 1 4.1143645432 5.4520277482 -10.9617506455 0 0 0
134 1 1.8175513642 7.7609462977 -10.9626928864 0 -1 0
3609 2 -9.7657191039 -8.6730632251 -7.3007975433 0 0 0
2809 1 -10.4041796946 -6.0213055365 -7.5720286824 0 0 1
409 1 -7.7080986848 -7.6024316409 -8.7856238451 0 0 0
4515 2 -5.2843838805 -6.4942588089 -8.1239861085 1 0 0
8854 2 -6.2886345375 -5.6992488396 -10.2066882768 0 -1 0
1544 1 -4.6873229222 -8.3295162115 -9.9056834078 0 1 0
7308 2 -8.1943940816 -6.4807268108 -5.954685993 0 1 1
3461 1 -5.5348001801 -6.860995716 -5.4976798917 0 1 0
7491 2 -8.6825797381 -4.5827580912 -9.5975144983 0 0 1
1616 1 -7.1270700277 -4.6086616621 -7.4702473451 0 0 0
1059 1 -1.9661245282 -8.2634808994 -10.7255277603 1 0 0
3691 2 -3.5880776934 -5.6593192542 -9.7568358909 0 0 0
959 1 -2.6515734396 -7.060073737 -7.3556756583 0 0 0
1945 1 -0.4923826503 -5.5708621128 -9.205087135 0 0 0
6693 2 -0.3008769158 -8.3719053991 -8.3097910394 0 0 0
8924 2 -3.9738163153 -4.6243004971 -7.4406517758 0 0 0
8299 2 0.1513237915 -6.4929757389 -6.7339615153 0 0 0
5509 2 0.6479337885 -7.8374497623 -10.5639146561 0 0 0
4315 2 4.0673245505 -8.0459010135 -7.0427030978 0 -1 0
775 1 2.4849263059 -6.3921490244 -8.8055618044 0 0 0
4233 2 1.695408079 -8.4249870584 -6.4676656076 0 0 0
9503 2 4.6246304491 -5.5738183597 -7.2896364283 0 0 0
3707 2 8.4285741886 -8.5975412636 -5.9311704363 0 0 0
7602 2 4.68162611 -8.3177280522 -9.4073800382 0 0 1
3767 2 7.9530450681 -5.2215970548 -9.6864000909 -1 0 0
9666 2 5.2238133214 -5.913634724 -9.7079016948 0 0 0
1830 1 6.80361689 -7.2707920728 -7.7658157569 0 0 0
612 1 6.8361877942 -4.9586784485 -5.6300443219 0 1 0
9325 2 8.6634233461 -4.5245247023 -7.4317964299 0 0 0
4378 2 9.2935436888 -6.2775033201 -5.7812125578 0 0 0
2198 1 10.0705904331 -6.8776147778 -8.4488028466 0 1 0
9064 2 11.2319847526 -4.8045199487 -7.0055219987 0 0 0
3881 2 -9.362795999 -4.2688732255 -5.5711237937 0 1 0
6162 2 -12.9878942049 -2.4294626738 -6.4863855114 -1 0 0
1428 1 -10.4772996715 -3.1134654461 -7.8265581348 0 0 1
8977 2 -11.53274297 -0.6895119555 -7.2145631488 1 0 0
9170 2 -10.6787888238 -0.9297391311 -9.520491033 0 0 0
5932 2 -11.8322345619 -4.4618867547 -5.5323012995 0 0 0
8383 2 -8.2244461173 -2.1064127977 -9.2039337813 1 0 0
2307 1 -7.7043532875 -2.076160582 -6.0856638375 -1 0 0
9479 2 -5.2150069465 -2.6163853042 -7.2067217817 0 0 0
581 1 -5.5139324496 -3.1338189707 -9.8237490939 0 0 0
1264 1 -6.1787833515 -0.3597752397 -8.3706609839 0 0 0
8180 2 -1.3941098732 -4.4750268843 -6.7887109138 0 0 0
1736 1 -2.4442105686 -3.142273378 -9.2827417466 0 0 0
6671 2 -3.4569888727 -1.0817558547 -7.7157718523 0 0 0
7863 2 -3.9787036048 -0.6709918606 -10.1164675692 0 -1 0
6136 2 -2.9973280712 -2.786433055 -5.8678053691 0 0 0
8615 2 -1.1205813082 -2.0022351329 -7.3100496391 -1 0 -1
6902 2 0.1360672668 -1.9857846066 -9.5181236792 -1 1 0
5310 2 2.5697858112 -1.2508462008 -5.6029974159 0 1 0
7885 2 0.8762238637 -0.7261920239 -7.304893557 1 0 0
471 1 1.3017907378 -3.62392925 -7.2494836585 0 0 0
8459 2 1.6880457195 -3.8170314592 -9.9444631087 0 0 0
9239 2 2.6291768696 -1.7061366659 -8.8783998541 0 0 -1
7723 2 3.92306619 -3.8381757807 -8.9337895988 0 1 0
223 1 4.4152930231 -3.0932359268 -6.1058330524 -1 0 0
6816 2 6.0558017798 -3.9107554041 -10.745944351 0 0 0
4502 2 6.4401050084 -0.1836360397 -10.7357397401 0 0 0
2548 1 8.1773902232 -2.4494834319 -9.6574818264 0 0 0
7628 2 6.3188917649 -4.0483929513 -8.2145334484 0 1 0
628 1 5.3374356759 -1.3986993978 -8.5506381381 0 0 0
2634 1 7.5677951153 -1.8420593974 -6.6181964888 0 0 0
7329 2 5.0792452232 -0.2147488564 -6.1128045641 0 0 0
5328 2 10.1746179542 -2.6013616202 -7.226065668 0 0 0
3063 1 10.7223138215 -0.7331806613 -8.9660130872 0 0 0
9142 2 10.2432749432 -4.1604821387 -9.1922046313 0 0 1
8084 2 12.9583700031 -0.8003966598 -6.9120610533 -1 0 0
2905 1 10.4018211682 -0.1517831085 -5.871196549 0 0 0
2506 1 -9.8431616014 2.7968969862 -5.8254696628 0 -1 0
9338 2 -11.5743711815 1.7522406596 -7.6344624277 0 0 1
6286 2 -12.6233043724 3.1724372542 -5.8744192206 0 0 0
8938 2 -9.4613347826 2.8271938992 -8.5691259725 0 0 0
796 1 -9.1164522437 0.2555698174 -7.6664911019 0 0 0
1553 1 -11.6745178986 4.495720265 -8.2031198289 0 0 0
275 1 -8.8475602848 4.1759077524 -10.9059079354 0 0 0
4147 2 -5.1481957957 1.3992211095 -10.7335134991 0 0 0
6257 2 -7.0323588332 0.5699112841 -5.9084891535 0 0 0
2138 1 -7.004915453 2.7842735817 -7.3588650077 0 0 0
5054 2 -7.6953684723 1.5457804784 -9.8309834152 0 0 1
1211 1 -5.9784429895 3.8876856737 -10.0058815398 0 0 0
7670 2 -4.9763541317 1.9990928008 -5.4878676478 0 0 0
951 1 -0.1986274002 2.6557263043 -10.4059928141 0 0 0
3518 1 -4.1070801841 1.6020791548 -8.0579407531 0 0 -1
1495 1 -1.7966784987 0.4303836007 -6.0272775765 0 0 0
311 1 -1.4937825694 0.2280431071 -9.166988594 0 0 0
1878 1 -2.9905545151 3.5823641545 -10.0492449007 0 -1 0
4697 2 -1.630413874 2.7981933243 -7.6165199293 0 0 0
1125 1 -3.9933211985 4.4565028877 -7.098886978 0 1 0
3703 2 3.8681165181 0.2612698924 -10.2645807697 0 0 0
9076 2 0.5846530748 1.6396197428 -7.5726473721 1 0 0
9389 2 2.6222424495 2.8612968943 -6.9802735458 0 0 0
9308 2 1.3869927803 0.3387312898 -9.5825684532 0 0 0
2488 1 2.8448121501 2.765784974 -9.7068237025 0 0 0
8368 2 3.1910397087 0.4950370587 -7.642863723 0 0 0
3408 1 0.5186203184 4.382831419 -7.8173837495 0 0 1
6393 2 7.7751447208 0.1673389702 -8.5336622259 0 0 0
9129 2 5.0166747377 2.4154909308 -6.4743052366 0 0 0
98 1 7.495065887 1.3594981392 -6.031244721 0 0 0
8839 2 4.9265557577 3.909494599 -8.4104492418 0 0 0
9551 2 5.5247253387 1.3988320197 -8.6517565844 0 -1 1
1711 1 7.6071726731 3.3788756264 -8.4835048731 0 0 0
2273 1 8.8613399973 1.516545351 -10.6443921798 0 0 0
8964 2 10.1103573722 2.7924100498 -6.0232927113 -1 0 0
7529 2 9.7291587664 1.5796777879 -8.0036987011 -1 0 0
1871 1 10.7815348405 3.9157310174 -9.0602978196 0 1 0
1543 1 12.5616806557 1.9565912813 -7.0653204533 -1 0 0
4956 2 -10.5695315777 6.9929270677 -7.9437100517 0 -1 0
5886 2 -8.9403767091 5.0918948393 -7.8682747315 0 0 0
7821 2 -5.050408247 8.3190600221 -10.3819078301 1 0 1
5633 2 -6.5372395186 5.3985799851 -7.369719694 1 0 0
4686 2 -5.6616948131 7.5908167553 -7.6384980621 0 0 0
2908 1 -7.3400905834 6.65957547 -9.6373967715 0 0 1
1960 1 -8.1760224027 7.6113188658 -6.5288146257 1 0 0
8557 2 -8.163697837 4.999077061 -5.5180432628 0 0 1
4978 2 -4.4762394893 6.1286236811 -9.1732665774 0 0 0
5700 2 -0.9919737619 5.4233658789 -10.4750237368 0 0 0
3333 1 -0.7637489893 8.3004660619 -6.8573418694 0 0 0
1732 1 -2.3299761079 8.0025793609 -9.5934684008 0 0 0
9423 2 -1.8787987812 5.6451768796 -8.2463775566 0 -1 0
7029 2 -3.3588577186 7.1593708736 -6.9888847 0 0 0
2382 1 -1.2492317636 5.5644411254 -5.4970284928 0 -1 0
8151 2 1.380562365 5.0048718985 -10.6953371669 0 0 0
7117 2 0.2728892073 6.8656908477 -8.9281398337 0 0 0
5037 2 1.9993521985 8.5122048465 -8.0740673767 0 -1 0
264 1 2.9906137355 5.8326475487 -8.400343249 0 0 0
4432 2 1.4988279578 6.6693231111 -6.3575768259 0 0 0
2130 1 4.4098335714 8.4212336386 -9.7690840211 0 0 -1
736 1 3.6423871808 4.7470799 -5.4398996503 0 0 0
8285 2 6.7834584124 5.1519148276 -10.6855473809 0 0 0
3157 1 4.5981837115 7.6649247396 -6.6442478999 0 0 0
154 1 6.48543962 4.9863472648 -6.0518703638 0 0 0
5719 2 7.1892123561 7.9195727728 -9.7937465159 0 -1 0
8927 2 5.907417727 6.128631032 -8.6139786273 0 0 0
9420 2 8.5765129783 5.8822273538 -9.1854346458 0 0 0
2370 1 7.92514359 7.5295896466 -7.0612223841 0 0 0
8969 2 10.5661265201 7.0397743001 -5.8753081374 0 0 0
3984 2 9.2970978405 5.0041643358 -6.8030383511 0 0 0
866 1 12.26824964 4.907939535 -6.6898322744 0 0 0
3033 1 2.5397512877 -5.8613153282 -5.5268375281 0 0 0
2531 1 -11.0392042616 5.7521684105 -5.4541167116 0 -1 0
1205 1 -13.2714419597 -5.8458882534 -3.1203326348 0 0 0
58 1 -10.872933026 -7.0122272714 -1.3879218593 0 0 0
587 1 -10.3699618088 -6.856337538 -4.5395482204 0 1 0
5346 2 -8.7929632373 -5.2853661624 -1.3160389236 0 0 0
3314 1 -7.9105293487 -7.5451250064 -2.78947633 0 0 0
3391 1 -5.1446217505 -7.8970035671 -1.6510321499 0 0 0
8921 2 -4.8533336911 -5.6770086338 -3.2025338706 1 1 1
2099 1 -7.4825275324 -4.7917306619 -3.7319189662 0 -1 0
726 1 -2.3423811412 -6.2148825073 -1.4290208469 0 0 0
2078 1 -0.5565690425 -5.5320832516 -4.2449090846 0 0 0
105 1 -3.0120813419 -7.6544433224 -3.951686157 0 0 0
9796 2 -0.7311077609 -8.6671601515 -2.9009193506 0 0 0
8852 2 -3.143685712 -5.207495403 -5.1602000394 0 0 0
1156 1 -0.3128719169 -8.5397717101 -0.1012839157 0 0 0
3866 2 0.3938181127 -6.6910926788 -1.9955107681 1 0 0
5307 2 2.7430929107 -6.6488187907 -2.804246845 0 0 0
4649 2 1.1049854782 -7.7339530244 -4.1881114309 0 0 0
6032 2 4.1687916952 -4.8249946368 -0.5424343785 0 1 0
2864 1 3.8857936082 -8.8184949286 -3.7819995912 0 1 1
294 1 2.449168172 -6.9443546453 -0.0829453664 0 0 0
8079 2 1.7417004338 -8.9690806107 -2.0219057899 0 1 0
7264 2 4.9063521922 -7.2476144753 -1.7696554678 0 0 0
2863 1 7.1441126512 -7.352731763 -3.554054395 0 0 0
8943 2 6.4774682331 -5.5797695718 -1.0503849864 0 0 0
7526 2 8.6304539185 -6.963672063 -1.2032235419 0 0 0
895 1 4.6546361216 -4.7388630712 -3.2827479326 0 0 1
5660 2 7.2308145631 -8.8577231441 -0.2407346511 0 0 0
6772 2 5.0376323201 -6.8020849128 -5.1769397062 0 0 0
8506 2 7.4205868035 -4.5222354252 -3.0011859323 0 0 0
5852 2 10.0954603155 -7.9370380529 -4.0802864609 0 0 0
8011 2 11.09162584 -6.7529610669 -1.8565135969 0 0 0
6245 2 9.4474476085 -5.731959275 -3.2840392405 0 0 0
2180 1 11.9471212215 -5.9826473833 -4.7498058757 0 0 0
7934 2 11.6523197792 -9.016935486 -2.4066972162 0 0 0
8291 2 -13.6632325745 -3.7046906251 -1.4760271313 0 0 0
5071 2 -14.4579021432 -0.0190087756 -3.0143474062 1 0 0
437 1 -10.6333693807 -4.1569936551 -3.0529246597 1 0 0
2337 1 -12.9983466039 -2.3367801385 -3.7556392855 0 0 0
3737 2 -13.1653685102 -1.2991205492 -1.275710017 0 0 0
811 1 -10.6567766674 -0.8453074756 -2.3023534704 0 0 0
4316 2 -10.5564164255 -1.9923979589 -5.1823684598 0 1 0
2508 1 -11.2948738848 -3.1781714608 -0.1750542077 0 0 0
2439 1 -5.8066898825 -4.4880203754 -0.9834801024 0 0 0
9399 2 -8.838855067 -2.9151797102 -1.4243708762 0 0 0
6621 2 -5.9766912366 -2.5636140947 -3.3357414607 0 1 0
5032 2 -8.5568229056 -2.1221918337 -3.5861018828 0 0 0
872 1 -6.7234478027 -1.4803471306 -0.9369122725 0 0 0
7256 2 -6.8671327023 -0.337366098 -3.6178438036 0 0 -1
7812 2 -5.2829566499 -3.9519371566 -5.2255761281 0 0 0
3516 1 -4.7586115266 -0.7660350962 -5.2654497191 0 0 0
8864 2 -4.4146471345 -0.7157053002 -2.3877306063 0 0 0
135 1 -3.3751348815 -3.4685749603 -2.975992608 0 0 0
8346 2 -4.1447810851 -2.2755084854 -0.4910337904 0 0 0
9361 2 -0.9061250655 -3.8256361165 -1.9560713046 0 0 0
5631 2 -2.4117988084 -1.0312423527 -3.7834508423 1 0 0
1790 1 -1.7401134936 -1.2851126488 -1.1017173385 0 0 1
2622 1 -0.4571675868 -2.5534935232 -4.7302699402 0 0 0
1536 1 1.749747186 -4.3094853624 -2.024538931 0 0 0
3256 1 1.1670182475 -1.3304943845 -2.6395690129 0 0 0
3783 2 2.155025515 -3.4015199291 -4.4954651952 0 0 0
9180 2 3.8529976774 -1.963871447 -3.3203525421 0 0 0
912 1 3.2872960573 -2.1832729002 -0.3916260179 0 0 0
8797 2 0.4079857542 -2.780436513 -0.1324265103 0 0 0
9585 2 6.4998391115 -2.622675503 -4.2066469087 1 0 0
946 1 6.0493493745 -2.5745219982 -1.4555978187 0 0 0
9962 2 8.3700805888 -0.838978636 -4.1925360204 0 1 0
9001 2 8.6036196983 -2.4096664096 -2.4125168308 0 0 0
1650 1 8.8962051637 -4.3781006474 -0.6925541472 0 0 0
3477 1 5.9145340989 -0.0856381073 -3.4940870289 0 0 0
1336 1 9.4778769422 -3.4766074328 -4.7343364262 0 0 0
2556 1 11.5708000268 -4.0577150137 -2.3225038328 -1 0 0
8792 2 12.4569405663 -1.8818874664 -0.5515992578 0 0 0
1769 1 10.8531762955 -0.8700847719 -2.8743502913 -1 0 0
8321 2 10.0949134194 -1.9394498844 -0.4157181996 0 0 0
3581 1 12.3079545307 -2.817659532 -5.2700368521 0 0 0
8228 2 13.0196905023 -0.2248493864 -4.4446334406 0 0 0
6567 2 13.552785373 -2.1408930824 -2.8050830847 0 0 0
4489 2 14.0082673071 -3.9280214937 -1.0391505632 0 0 0
4186 2 14.7469280917 -1.3553080261 -0.5629316261 0 0 0
6143 2 -13.9366689609 3.7832527941 -3.7733210576 1 0 0
5996 2 -14.6954345472 2.907037849 -0.220877184 0 0 0
5749 2 -9.2079572953 0.127966454 -4.6939457586 0 0 1
2742 1 -12.0456267328 0.5882107276 -4.8394991724 0 0 0
3353 1 -12.7289562488 1.5838768526 -1.868120818 0 0 0
7349 2 -11.6121519789 3.4890291475 -3.7108746794 0 0 0
4808 2 -10.6067310235 3.6909305843 -1.4407557899 0 0 0
5466 2 -10.0404292666 1.8389538665 -3.0269946497 0 -1 0
4127 2 -10.0557887921 1.4433290868 -0.4435511579 0 0 0
6016 2 -13.0126872194 4.3237975888 -1.5759219707 1 0 0
7859 2 -9.3408738448 4.3924662685 -3.4728555299 0 0 0
3777 2 -8.3336163374 0.5450026739 -1.9330711602 1 0 0
6139 2 -5.8978578648 1.185828779 -1.801663502 0 0 0
280 1 -7.4627702852 2.3773509058 -4.0283750014 0 0 0
898 1 -7.9029417708 3.2414516213 -1.1588311155 0 0 -1
158 1 -4.8758376112 3.4545190512 -2.8173608556 1 0 -1
4529 2 -5.8446328896 4.2685909963 -5.2101019019 0 0 0
9256 2 -3.4119892536 1.2135595938 -3.7463145245 0 0 0
1021 1 -3.0305809945 1.5387675064 -1.0616418122 0 -1 0
7903 2 -2.029278427 3.2111733842 -3.0938108264 0 0 0
3618 2 -1.0107562275 0.8067164585 -3.0228688227 0 0 0
470 1 -0.2121046893 2.9388900908 -0.9755158926 0 0 0
4579 2 -2.6776200187 2.9768068337 -5.3523992019 0 0 0
6384 2 0.6432365605 0.1062409647 -4.9395885532 0 0 0
3221 1 0.2346486643 2.8044000172 -4.8887937796 0 0 0
7402 2 1.2762387073 1.3622502708 -2.6398029588 0 0 -1
1948 1 3.6625825808 0.541957749 -1.5844904809 0 0 0
1686 1 2.8309158768 3.576350059 -2.4446186012 0 0 0
859 1 3.1670434634 1.3010899454 -4.718153736 0 0 0
5436 2 2.3335495025 2.4013067858 -0.0063593284 -1 -1 0
960 1 8.2672664561 0.0547579779 -1.2740914083 0 0 0
5545 2 8.3964288723 3.66473615 -4.5453531448 0 0 0
7492 2 6.0668884461 1.5955492704 -1.2527720484 0 0 0
8589 2 5.8317533261 4.0616431833 -1.1328117669 -1 0 0
1638 1 5.661666242 2.9227621798 -3.7558091247 0 0 0
7244 2 7.9292954959 2.9010819721 -2.1504718292 0 0 1
9456 2 13.157672741 0.1347872485 -1.9084944312 0 0 -1
7772 2 9.1365472973 1.4132620352 -3.7776610611 0 1 0
8016 2 10.2074260098 2.2250178167 -1.7036868774 -1 -1 0
1134 1 11.8850683802 2.2575078676 -3.9069289364 -1 0 0
3886 2 12.7016029527 2.4531914462 -1.3270958421 0 0 1
8858 2 14.2247076792 4.1168412266 -0.2177615823 0 0 0
6961 2 -8.671367763 8.9470529989 -0.0134829593 0 0 0
1966 1 -10.9401631381 8.1823189514 -1.276415598 0 0 0
7990 2 -11.4083845642 5.8662780556 -2.766299375 0 0 0
4850 2 -9.6576474881 7.6996585305 -3.9172963626 0 0 0
6150 2 -11.3685025106 5.6360465683 -0.1923149439 0 0 0
765 1 -8.8096302535 6.2186210933 -1.4759803143 1 0 0
7334 2 -6.7442910098 7.8148428025 -1.1267013914 0 0 -1
4229 2 -6.9518880079 5.3403767617 -3.3256964046 0 0 0
5571 2 -5.9165909767 5.353609888 -1.1007240406 0 0 0
5068 2 -7.218014002 7.7977662061 -3.7178496804 1 0 0
1906 1 -4.5915345128 7.206218792 -2.6705738556 0 0 0
3948 2 -5.4217888581 6.6115444881 -5.3291254844 0 -1 0
1333 1 -2.9190767536 4.9378187711 -1.0422741696 0 0 0
7758 2 -2.9137713997 7.8387012797 -4.7995320513 0 -1 0
5526 2 -3.4988197639 5.2687766547 -4.2267567176 0 0 0
118 1 -1.5364447991 7.5903690188 -2.5093360794 0 0 0
3893 2 -0.4864832332 5.0137747359 -2.8267872807 0 0 0
7168 2 -0.4386087463 5.8893489829 -0.5090294053 0 0 0
8223 2 1.304365605 5.2074042228 -4.4187019519 0 0 0
7953 2 0.4201988972 7.5501377845 -4.3601337322 0 0 0
9311 2 0.4046069972 8.4943089537 -0.706051588 0 0 0
9789 2 4.1302987611 8.2995376189 -2.2881789011 0 0 0
9806 2 3.119036531 7.2675888357 -4.3309829767 0 0 0
3248 1 1.784816677 6.4690673463 -2.0720317954 0 0 0
7383 2 3.9307353294 5.3343097697 -0.3408515129 0 0 0
5009 2 3.0017149439 7.881767855 -0.1710365283 0 0 0
6483 2 1.6718833906 4.719056983 -0.0302950686 0 0 0
6590 2 4.5904787197 5.6744139591 -2.8847201762 0 0 0
4761 2 8.0779726215 4.9398117279 -0.5693768756 0 -1 0
9179 2 8.6931289182 6.1898715839 -4.6116663617 -1 0 0
4759 2 7.0897477496 5.1829377904 -3.0043771221 0 0 0
2640 1 6.2293945938 7.6006329593 -4.1216373675 -1 0 0
2282 1 6.0389163223 6.9250777114 -0.7469395375 0 0 0
2224 1 8.7096949586 7.2760339857 -2.078242784 0 0 0
5190 2 12.1746473057 4.6219200256 -2.2400965833 0 0 0
5132 2 9.6458493463 4.6593729681 -2.4797969018 0 -1 1
4012 2 10.7461905977 4.7049850293 -4.5766734847 -1 0 0
8620 2 13.3160934795 5.3227353068 -4.2200768431 -1 0 0
1438 1 11.4064180175 7.0373135588 -3.2971294472 0 0 0
863 1 11.4962573593 8.0102073767 -0.4323609512 0 0 0
9384 2 -11.8717166701 -8.8447654321 0.527527515 0 1 0
7417 2 -12.927960996 -5.4035160304 0.1454974329 0 1 0
1308 1 -12.3385320905 -6.8998668632 2.3472400103 0 0 0
9020 2 -9.7136186788 -7.5386730825 1.9010388922 0 0 0
800 1 -10.0735044434 -5.1045629151 3.6043950174 0 0 0
5372 2 -10.3648792586 -5.482686607 0.839708611 1 0 0
8487 2 -11.1651921074 -7.3859478134 4.8249746004 0 0 0
1685 1 -8.6576983546 -8.2225021159 4.2452069073 0 0 0
830 1 -7.4570619476 -6.7896469655 0.3771010106 0 0 0
3284 1 -5.7815268779 -7.9249785161 2.7342975198 1 0 0
5844 2 -7.6569795691 -5.962258361 3.0051302168 0 0 -1
8532 2 -5.7864507593 -5.0033449793 1.918831099 0 0 0
2286 1 -4.8985831361 -5.8163253498 5.0608064132 1 0 0
3629 2 -4.3988886353 -6.3872430093 0.415628817 1 1 0
3670 2 -6.1688755343 -8.2310525859 5.3949575319 1 0 0
1562 1 -3.4414984661 -8.8870994088 1.0399898205 0 0 0
5352 2 -0.0702486486 -5.3846617636 0.063281083 0 0 0
9996 2 -3.7287943493 -5.9111652329 2.6005818445 0 0 0
7983 2 -1.7534361686 -6.7398747261 1.39688998 0 0 0
7913 2 -1.6152880028 -5.458603024 3.4969209739 0 0 0
3717 2 -2.7944455129 -7.7936540345 3.8063085919 0 1 0
5686 2 -0.5470431263 -7.5861872705 4.898995286 0 0 0
3340 1 1.9140499884 -8.9564119345 4.3656622606 0 0 0
499 1 0.9024555724 -6.5425217631 2.5010170214 0 0 0
5295 2 3.6371679276 -7.756342454 2.3522951532 0 0 -1
1641 1 3.1804331082 -6.1159588846 4.6623180174 0 0 0
5412 2 3.8150050312 -5.3066540087 2.0823527586 0 -1 0
1836 1 0.2908009915 -4.8148537332 5.1858908764 0 0 0
4652 2 6.0373825464 -8.6985161396 2.0558482645 0 0 0
4021 2 4.9104399037 -8.4750247481 4.38330382 0 0 0
3044 1 7.8485521382 -8.3906623091 4.3091866566 0 0 0
1325 1 8.3547449041 -5.1688109122 4.2588384616 -1 0 0
6418 2 5.2080966203 -6.8198652086 0.6604284453 0 0 0
9911 2 5.7914388137 -6.3667205263 3.1876058858 0 0 0
2726 1 7.856499959 -6.5634978452 1.4241076375 0 0 0
3487 1 13.0749258588 -6.3078185954 0.0162270715 0 0 0
2033 1 10.3839114502 -8.8140087361 0.1174063054 0 0 -1
5747 2 10.4430631566 -6.1327065656 0.5948898581 0 0 0
3610 2 10.0305557917 -7.3789613849 2.6659564099 0 1 0
9616 2 12.3341730041 -8.2731308152 1.9082758399 -1 0 0
2363 1 11.9222841281 -5.4114819213 2.8965302026 0 0 0
9394 2 10.3150807703 -7.316759102 5.0457963139 0 0 0
3545 1 -14.329399489 -2.6815115734 1.0282421181 0 1 0
8604 2 -9.5284519208 -2.8309814684 5.1281141412 0 0 0
4719 2 -12.3128550518 -4.0079895577 2.3942387939 0 0 -1
6417 2 -11.9018138276 -3.1591272526 4.7340277664 0 0 0
3713 2 -12.8884234386 -1.3881069617 3.1601776202 0 0 0
3042 1 -10.0876068536 -2.1244914068 2.5516102586 0 0 0
3400 1 -11.8639785644 -0.2252136196 0.8968950992 0 0 0
3387 1 -10.9633106826 -0.4849007717 4.8678968294 0 0 1
8865 2 -9.220324121 -0.9744186671 0.1520026848 0 0 0
835 1 -8.2120530561 -3.7619729893 1.029741089 0 0 1
8666 2 -5.5856984771 -2.6743828269 1.4445689696 0 0 0
5547 2 -7.3931253086 -1.1272724376 1.9519046428 0 0 0
3325 1 -7.0770878836 -3.3657482209 3.9387388486 0 0 0
9119 2 -5.6358580414 -1.0537200029 3.7140695234 0 0 0
5562 2 -8.1729735077 -0.7140287508 4.4107842208 1 0 1
8442 2 -4.2156985323 -3.4940457199 3.466973845 1 0 0
3169 1 -2.4793704574 -3.9833560701 0.8697995529 0 0 0
3366 1 -3.4739693153 -1.1202047722 2.06497892 0 0 0
7111 2 -1.7125936741 -2.7721295099 3.5900277787 0 0 0
4266 2 -0.7936854622 -1.6181157548 1.6130275557 0 0 0
8434 2 -2.6198325733 -4.0538194599 5.2985791804 0 0 0
3150 1 -1.2222373186 -0.0042094045 3.7924647815 0 0 0
7092 2 0.0504210657 -3.8858375961 2.3151650573 0 0 0
4689 2 2.0268276137 -4.3088085848 0.889937929 0 0 1
539 1 3.2373221421 -1.1956946149 4.8104960804 0 0 0
5180 2 0.6545166983 -2.1029500977 4.14246943 0 0 0
4743 2 2.416465923 -3.734908199 3.3941114723 0 0 0
9382 2 1.6960240884 -1.8614550148 1.8973712208 0 0 0
8259 2 4.133640885 -2.1285887528 2.2834055479 0 0 1
376 1 6.0664088944 -3.9774780643 1.3306345279 0 0 0
2746 1 5.2703248847 -3.7808403536 4.3391938419 0 0 0
4066 2 7.7666834999 -2.7232599435 3.0754471181 0 0 0
3227 1 5.8551334309 -0.4390400372 0.7839515068 0 0 0
4473 2 7.9542376268 -2.2015110078 0.6076459101 0 0 0
9464 2 6.0208455235 -1.0987578799 3.56281922 0 0 0
454 1 8.8405504417 -0.2608354592 2.1862838002 0 -1 0
9688 2 9.5680746729 -3.9485294476 1.9748682017 0 -1 0
8585 2 11.571410623 -3.9902866777 0.4267934845 -1 0 0
5920 2 12.9615082171 -1.6932926468 3.6380182306 0 0 0
4921 2 11.2998887705 -1.9763020006 1.7269371642 0 0 0
1342 1 10.3062604831 -2.2827998617 4.359024309 0 0 0
6051 2 12.9806151368 -3.7452332869 4.8207726095 0 0 0
6839 2 13.4670564523 -0.1366612622 1.5179342736 0 -1 0
1011 1 13.9448596134 -3.1671620071 1.6629266539 -1 0 0
9882 2 -14.423604634 0.2283791182 0.0677702388 0 0 0
3938 2 -13.8658884953 1.3571708828 2.1472300945 0 0 0
6884 2 -13.5519333271 0.8683844236 4.4872213461 0 0 -1
2698 1 -12.0586415875 2.9505854873 0.9065663225 1 0 0
7711 2 -11.6217289385 1.41777299 3.1794258479 0 -1 0
1519 1 -12.8786069806 3.6787800442 4.1970728802 0 0 0
5617 2 -10.2552702163 3.3952055793 3.2403476222 0 0 0
9470 2 -9.5869064458 4.1751987116 0.9259005428 0 0 0
2325 1 -9.1512434762 0.9832983683 2.2481134451 0 0 1
4815 2 -9.0644391118 1.6863144503 4.8558149089 0 0 0
6007 2 -4.9381742819 0.1778751058 0.2618460038 0 0 0
3247 1 -5.2714488331 3.0668926752 0.4153516029 0 0 0
5206 2 -7.3354158415 0.9679648996 0.2908358365 0 0 0
9933 2 -5.0465341279 3.1142529091 3.3620591176 0 0 0
3922 2 -6.0289351232 1.0063870874 2.3749212128 1 0 1
5279 2 -7.5123172091 3.1608769383 2.0313658012 0 -1 0
6077 2 -7.3933855576 3.5531806328 4.4461459557 0 -1 -1
2449 1 -6.1233177967 1.3326150596 5.1818718905 0 0 0
8767 2 -3.4631930917 1.3624959575 4.6369648929 0 0 0
6072 2 -1.5987361156 0.7205435404 1.0391173945 0 0 0
8440 2 -2.0317588555 3.209120749 1.0135943552 0 1 -1
5075 2 -3.5314506548 1.6279896395 2.1646988462 0 0 0
509 1 -2.0500261603 3.6955855231 3.7210368245 1 0 0
4341 2 0.0106858996 2.0738992761 2.2786982377 0 1 0
5317 2 -0.0917612372 2.1021328237 4.8531462974 0 0 0
6552 2 0.0845480591 4.4089369932 1.7039730637 0 0 0
561 1 0.798272022 0.1482299533 0.0510391645 0 0 0
7712 2 3.191283515 0.1349853687 1.2483081729 0 0 0
3292 1 2.6494069785 2.1454699576 5.0569000316 0 0 0
9059 2 1.4542335265 0.2330221324 3.2080966641 0 0 -1
3811 2 4.3226443913 0.786660122 3.2478820283 1 -1 0
9941 2 2.453582512 2.2729898406 2.3726354189 0 0 0
4984 2 1.194141224 4.1336777503 3.8386300975 0 -1 -1
4312 2 8.1009159148 0.3676452106 4.7378539747 -1 0 0
599 1 4.8740200064 2.5709049935 0.9742960157 0 0 0
2887 1 5.4333911619 3.2880453503 4.1077573397 0 0 0
4587 2 6.6409773289 1.2203714245 2.864857428 0 0 0
846 1 8.0996174304 2.4538710527 0.6694441863 0 0 0
9011 2 8.31558989 2.7999904199 3.4747331819 0 0 -1
2718 1 10.7723536788 4.334770298 0.0241840514 0 0 0
8030 2 11.3546304279 0.0439771192 2.9930843827 0 0 0
4915 2 10.2198452557 1.517137507 4.6261151289 0 0 0
1631 1 11.160323541 0.6099205607 0.1713837063 0 0 0
4696 2 10.4548635489 2.4470784876 2.2264378049 -1 0 1
7350 2 12.9622081207 2.5471064417 1.1013594933 -1 0 0
3239 1 12.7808380941 2.1248151611 3.6960661987 0 0 0
1303 1 10.355773977 4.3230457657 4.7908875493 0 0 0
5731 2 13.3585549761 4.4327893804 4.910234588 0 0 0
9574 2 11.9812034461 4.5169059009 2.5134232365 0 0 0
7508 2 -13.7352926581 5.2116745322 0.5834609694 0 0 1
4384 2 -10.2598759221 8.9386369911 3.6120730358 -1 -1 0
1552 1 -10.8814918169 6.37616145 4.6628653424 0 0 0
9999 2 -12.6281212529 7.4602758523 1.0824968192 0 -1 0
7505 2 -11.6283408811 5.2775924655 2.2509686629 0 0 0
1087 1 -9.8061135351 7.129012804 1.5882960139 1 -1 0
7642 2 -8.7462982355 5.248135045 3.2435111748 1 -1 0
6838 2 -5.5312106195 8.4398785331 2.8570370632 1 0 1
4110 2 -7.181131632 7.6159112099 1.3271434488 0 0 1
9683 2 -7.4429198991 5.2757520115 0.7493262665 0 0 0
635 1 -6.0903434444 5.6198842025 3.0092985541 0 0 0
4142 2 -7.9711021097 7.6622448548 3.759806846 0 -1 0
6185 2 -5.6918075798 7.3737816195 5.0992616421 -1 0 0
1914 1 -4.5105094978 7.035131857 0.5793912893 0 0 0
6637 2 -3.7971178262 4.6934533912 1.8735476617 0 1 0
3819 2 -1.8522375331 8.0165457339 0.2228264318 0 0 0
7976 2 -1.7801774163 5.9319900758 1.5414098591 0 0 0
896 1 -3.2339825122 6.7344773314 3.7348275138 0 0 0
7443 2 -1.2142671958 8.1932027894 2.6717430881 0 -1 0
8533 2 -0.3919666619 5.9735680445 3.7659440849 0 0 0
1815 1 -0.7893824833 8.1293429689 5.3787601432 0 0 0
2126 1 3.2414120587 4.8332246895 2.274181675 0 0 0
3584 1 2.2627560043 7.0721080068 4.1557439181 0 0 0
1737 1 1.0038504366 7.0918843083 1.495683651 0 0 0
7822 2 4.5161906706 7.1229883097 1.6598376821 0 -1 0
1754 1 7.0368956324 7.5995025662 5.137875286 0 -1 0
9027 2 4.7672268288 8.5594178865 3.7701736957 0 0 0
8114 2 7.6955176175 5.0334136815 4.3569805205 0 -1 0
664 1 6.5657521862 5.1335344693 1.765936629 0 0 0
4874 2 5.041381031 6.1018932541 3.9545686941 0 0 0
1910 1 7.0077619459 8.3567355218 1.9057791054 0 0 0
5257 2 8.9519495737 6.8639381316 0.6725508249 0 0 0
7005 2 9.0330640636 6.9277291896 3.3049896976 0 0 0
9815 2 12.1823337969 6.3616070274 4.1878449602 0 0 0
7004 2 9.2393168772 4.7343510771 2.2010109913 0 0 0
5262 2 12.9132871296 5.8776628422 0.5238557436 0 -1 -1
9850 2 11.5284855641 8.6015080416 3.6315360738 0 0 0
8213 2 11.0512492489 6.6911503047 1.9771397865 0 0 0
8014 2 10.2037658523 7.4227659226 5.4071390668 0 -1 0
7445 2 12.2119837926 -0.0977522965 5.3802365228 0 0 0
2611 1 -10.7434221091 -5.0491067502 6.6408430612 0 0 0
4097 2 -9.6259933107 -7.634420748 7.0592177688 1 0 0
9841 2 -8.5171970128 -5.7482743526 8.4291445057 0 0 -1
1839 1 -6.9205191239 -7.9905888421 7.9559585788 0 0 0
4557 2 -6.0182533722 -5.0756533099 7.7502599143 0 0 0
2492 1 -6.2977352455 -6.6063199306 10.4098771935 0 0 0
2985 1 -7.8251382112 -5.8278889413 5.7695175988 0 0 0
1260 1 -3.9656678367 -6.7930036173 8.364614292 0 1 0
6960 2 -0.8686655445 -5.0574246376 7.7580428934 0 0 0
7964 2 -3.8077173651 -8.1778735097 6.0898018001 0 0 0
127 1 -0.9398055818 -7.7800835785 7.9198382489 0 0 0
6759 2 -2.2102985962 -5.2844155414 9.8565366924 0 0 0
6402 2 -2.2651558823 -6.2661416998 6.0412393025 -1 0 0
1350 1 -2.2821892499 -8.1898481817 10.7372335861 0 0 0
2578 1 0.225775963 -6.1542274701 10.5403962469 0 0 -1
7494 2 1.2660162735 -7.1500979007 6.3857906726 0 0 0
4934 2 1.6710191042 -7.6656400747 8.8068175193 0 0 0
345 1 1.7960379709 -4.961505756 8.0249446785 0 0 0
263 1 3.7583673151 -8.0203470647 7.1096094566 0 0 0
3190 1 3.7657400069 -6.2611204136 9.9633401197 0 0 0
9642 2 4.3513226016 -5.039184809 6.941184642 0 0 0
4720 2 8.0188506328 -6.7662182479 6.6070903088 0 0 0
4155 2 8.0826398078 -5.3225988864 8.7602562012 0 0 0
8048 2 5.9416998107 -6.4876166441 8.1701920076 0 1 0
7084 2 6.3611260073 -6.7200608916 10.7447360708 0 0 0
9248 2 5.4175933939 -8.5786197461 9.4619132694 0 1 0
3455 1 8.030228733 -8.118701275 9.0846669604 0 1 0
6855 2 5.8280976451 -6.6196697618 5.6132258351 0 1 0
3959 2 6.7652845487 -4.6386659094 6.5753285496 0 0 0
5415 2 9.0886134705 -8.9598846947 6.7635954582 0 0 -1
719 1 10.5050221395 -6.5740773504 7.6929942074 0 0 0
4020 2 -9.8773925411 -3.7721609832 9.2043399249 1 0 0
1142 1 -11.1053929375 -2.109671121 7.402644753 1 0 0
5946 2 -10.4774638473 -1.4766160772 9.986305911 0 0 0
5150 2 -4.8695129646 -4.4264419528 9.8027273088 0 0 0
5878 2 -6.4142538481 -1.1861903673 6.0799328263 0 0 0
1061 1 -8.0032881778 -3.1124524828 7.1456709749 0 0 0
2458 1 -5.3855026461 -1.8220454301 8.5660603926 0 0 0
6714 2 -8.1919206726 -1.5225450478 9.3252809174 0 0 0
3840 2 -7.2852604261 -3.9880643988 9.6322228689 0 0 -1
6225 2 -5.3217827966 -3.376391471 6.0793523886 0 0 0
2208 1 -3.1555273441 -3.7163180327 7.8337505843 0 0 0
2662 1 -2.4417209864 -0.7520452173 8.7860477101 1 0 0
462 1 -0.4903250549 -2.3021245393 6.6537291972 0 0 0
1322 1 -0.3560415295 -3.0363611188 9.7062316339 0 0 0
1086 1 -3.5110048654 -1.4033223182 5.5362293234 -1 0 -1
5647 2 2.6434528386 -3.5414470966 5.8768404414 0 0 0
4562 2 2.2896642995 -3.7770819676 10.5582392895 0 0 0
3727 2 0.3807086694 -0.2317647549 8.5716891219 0 1 -1
1943 1 2.4544049688 -1.9891568626 8.3158302556 0 0 0
9742 2 0.9601229343 -0.0689369135 5.8588882219 0 -1 0
6653 2 4.5022203576 -3.7942491184 9.0225158046 0 1 0
4858 2 4.8395250334 -2.4493820104 6.7560518324 0 0 0
6218 2 5.1432704635 -0.8565304858 8.5876387697 0 0 0
4223 2 7.1023754098 -1.5012785147 10.0582443851 0 0 0
4408 2 6.7232617647 -3.0123498365 8.2927081349 0 0 0
1758 1 7.6044035642 -2.0652545143 5.7930731604 0 0 0
5385 2 7.4553483284 -0.2468111893 7.9328670955 0 0 -1
5284 2 8.9198673503 -0.0394387543 10.706778821 1 0 0
8704 2 9.153006621 -4.0853332875 6.9363492558 0 0 0
4396 2 9.0515255924 -2.07534809 8.4794001678 0 1 0
1651 1 10.5294193442 -4.1800581855 9.6404830724 0 -1 0
2365 1 11.5876150019 -2.7023418751 7.1023738072 0 0 0
9679 2 -11.8088154797 0.3390155708 8.38649656 0 0 0
3010 1 -11.4531725639 1.9986878294 6.3232989982 0 0 0
1783 1 -9.8974284259 1.1738667433 10.2004282927 1 0 0
2040 1 -9.5901172769 3.9804508731 8.4423217932 0 0 0
6011 2 -9.7604590327 4.0349453174 5.5573526712 0 0 0
2000 1 -8.9764785553 0.1454637564 7.2514091503 0 0 0
4125 2 -7.6343148283 2.1902371187 9.2648764131 0 0 -1
3786 2 -7.9365375396 2.7387512095 6.7524389518 0 0 -1
5304 2 -6.4696724629 0.5654320648 7.8933400969 0 0 1
2522 1 -5.519233924 3.226839769 7.9119036426 0 0 0
9513 2 -4.617194825 0.9047673393 9.3786279011 0 0 0
6069 2 -1.4193191776 0.4023557806 6.5325717518 0 0 0
7703 2 -4.1013035919 0.7854944522 7.0320861599 -1 0 -1
3565 1 -2.381487537 2.9223949059 6.7360419034 0 0 0
2384 1 -3.2137978954 3.1967585553 9.7950843213 0 -1 0
5173 2 -1.1894256646 1.6858631749 8.9789888401 0 -1 0
3148 1 -0.3585511627 4.3742190681 8.7686796611 0 0 0
8785 2 0.1407236125 4.1869510408 5.9929617268 0 0 0
7681 2 3.485126299 0.2282022616 10.158208995 0 0 0
5238 2 0.4800162055 2.0162574669 7.2460982393 0 0 0
1132 1 3.0743185798 0.8398577175 7.6320188751 0 0 0
1413 1 4.2479910974 3.0278261882 9.7575681923 0 0 -1
7687 2 2.2789504342 3.6176898769 7.6038936639 0 0 0
3513 1 1.3718021501 2.0901048624 10.1518664407 0 0 0
5045 2 4.728866239 3.0716879542 6.8054622478 0 -1 -1
9232 2 6.0164858161 1.6453134217 8.2782812452 0 0 0
2110 1 7.9030601322 2.7286042181 6.2513003616 0 0 0
9331 2 6.5232609194 4.1879009877 8.3056419737 0 0 0
1484 1 5.5744609373 0.4582877354 5.8385609931 0 -1 0
3371 1 8.6554205235 2.0173916259 9.1222827892 0 0 0
9255 2 6.9219343711 3.3364032605 10.5660688334 0 -1 0
1148 1 9.9905550618 0.1076721331 6.9762534523 0 0 0
7734 2 11.4329571485 1.6512934699 9.1194003624 0 1 0
3323 1 12.2253723674 2.4582986205 6.6303083548 0 -1 0
5461 2 10.2415624396 3.7962072046 7.9678486718 0 0 0
6635 2 -11.8739404504 4.7214646062 6.7329846619 0 0 0
2835 1 -10.4639070214 6.8372373237 7.7145418178 0 0 0
396 1 -8.9592380993 8.768305412 6.0839129872 0 0 -1
6530 2 -7.1006927749 4.7071215643 9.6883640378 0 0 0
4287 2 -7.9593282339 6.6111734573 8.5095113711 0 0 0
1820 1 -7.7137356993 5.7462705723 6.034359366 0 -1 0
5835 2 -5.587642675 6.1404951739 7.9630994452 -1 0 0
6268 2 -4.7916485171 5.5095828717 10.2265253855 0 0 0
3040 1 -6.6556656876 7.8211856322 10.5319899837 1 0 -1
3558 1 -6.3522260741 8.7278414141 7.3195975829 0 0 0
716 1 -4.6369760896 4.7034467427 5.5872937486 0 0 0
7453 2 -1.107789373 8.5068237324 9.9555004274 0 0 0
7406 2 -1.8584350797 5.5783132628 5.9833331082 0 0 0
5511 2 -3.2413086004 5.3455056489 8.1473496892 0 0 0
5644 2 -3.5971449187 7.3293077432 6.6253841214 0 0 0
7720 2 -1.3603516257 6.9121834354 8.0522226587 0 0 0
2336 1 -3.8582018296 8.1458971702 9.3585267422 0 0 0
2644 1 -2.0158554043 6.0327420506 10.8660274512 0 0 0
4879 2 0.5368813958 8.5173844952 8.0872678527 -1 0 0
4436 2 2.3662671107 5.022217408 9.6608659262 0 0 0
1196 1 1.4562092821 6.2953852824 7.0258845006 0 0 0
4424 2 3.2417567675 7.313728727 9.0821157197 0 0 0
6958 2 4.1524843106 5.3037418807 7.924698302 0 -1 0
96 1 4.1603934483 7.6952390169 6.3389760974 0 0 0
4687 2 0.6498520131 6.7986607733 9.8294510252 0 -1 0
5057 2 3.3655526161 4.8590569822 5.4350773635 0 0 -1
6663 2 8.7298836682 8.9027647505 6.8246773653 -1 0 0
6682 2 8.3611430705 5.0680260882 9.7964416155 0 -1 0
9026 2 5.9330887534 5.2059094744 6.1322997916 0 0 0
4501 2 6.17873716 6.9094273674 7.9529062269 0 -1 0
49 1 8.6424804491 5.7964837445 7.0831194985 0 0 -1
882 1 8.2589002924 7.8166983447 9.4793254613 0 0 0
1288 1 5.5447018245 5.8283764712 10.4939181488 0 0 0
3603 2 5.3438015981 8.5611424827 9.7500293951 0 0 0
4865 2 -6.8146508195 -4.5868499745 12.2481596267 0 0 0
8281 2 -3.8333825932 -5.8332946027 11.5540289378 0 0 0
9038 2 -1.7681650078 -4.68198354 12.1969008893 0 0 0
8950 2 -0.0278372003 -6.2249692465 13.2537787589 0 -1 -1
3909 2 2.1598054807 -7.8599939958 11.5101041518 0 1 0
7727 2 2.2883690049 -5.4536685699 12.3655321755 0 0 -1
7690 2 4.6987446406 -5.7658819017 12.4875259118 0 0 0
9383 2 -8.6670809427 -2.8939547437 11.364208384 0 0 0
7430 2 -6.059098281 -2.6290697732 11.181354089 0 0 0
8437 2 -4.9319184351 -1.3279449577 12.8052583489 0 0 0
1469 1 -3.2903202389 -2.7112279455 11.0358891095 0 0 0
3993 2 -2.7004888985 -1.2833306214 13.7734909636 0 0 -1
6157 2 -1.0498774924 -1.7590326799 12.1230190214 0 0 0
3520 1 -0.0437760654 -2.1356467653 14.7130544066 0 0 0
419 1 1.5326765801 -1.0535702125 11.456657977 0 0 0
9287 2 0.4693198657 -3.7386254806 12.3727208741 0 0 0
4024 2 2.7545042527 -3.041292671 13.1050490763 0 0 0
9781 2 2.1738118124 -0.4585113702 14.1220510962 0 0 0
1475 1 4.5217052271 -2.1247529003 11.1613746667 1 0 -1
1436 1 6.8402750391 -4.1262797172 10.9029496098 0 0 0
9859 2 4.5670465827 -1.0599445476 13.7211012949 0 0 0
1240 1 7.2667622493 -1.2915061234 12.8461381644 0 0 0
5504 2 9.1305586286 -2.4235691241 11.1033272669 0 0 -1
2597 1 -6.6570028644 -0.0022895187 10.9041570529 0 0 0
3374 1 -5.7448167752 2.8019350754 11.2913553788 0 0 0
8418 2 -8.5252888684 3.3818387963 11.4213589797 0 0 -1
5327 2 -5.5813429756 0.902494259 13.4445957409 1 0 0
6489 2 -0.718371221 0.2838208588 10.8443190138 0 0 0
1983 1 -3.2920734033 0.466758533 11.6560777366 0 0 0
1740 1 -3.1979645699 2.3231732417 13.9597799741 0 0 0
3249 1 -1.2276730547 3.0127809064 11.7409285013 0 0 0
6076 2 -0.5730448864 3.2516131873 14.4818427451 0 0 0
527 1 -0.3676529447 0.651429805 13.7215350329 0 0 0
8519 2 -3.8283492836 4.4711281441 12.3285198434 0 0 0
8294 2 1.2323212689 2.8012406857 12.8332363695 1 0 0
446 1 3.4884034125 1.3870777372 12.6913013057 0 0 0
9502 2 3.1609868553 4.1963005948 11.9962374265 0 -1 0
1234 1 6.0327278062 0.7573191717 10.9413359639 0 0 0
4639 2 5.5382292776 3.2017601113 12.4647949662 0 0 -1
9285 2 -6.5343012117 5.3265549396 12.0381948744 0 0 0
4417 2 -1.6046680148 5.3424995706 13.6352917136 0 0 -1
3283 1 -0.0843441839 7.7029384687 12.6185558046 0 0 -1
8045 2 0.6615179488 4.9355810399 11.4588830432 0 -1 0
2265 1 2.6926498488 6.9970974843 11.7671110356 0 0 0
9606 2 10.8783635578 -4.8815128064 5.4419837563 0 0 -1
1345 1 -6.8133091585 9.8848147733 -8.5705437424 0 0 0
7756 2 -4.4326617023 11.5549811678 -7.2519416768 0 0 0
5487 2 -4.0893910384 9.2959552723 -8.0042333788 0 0 1
6275 2 -2.9127157278 10.0042305169 -5.9791719589 0 0 1
5008 2 -1.9556371608 10.6292218903 -8.217766265 0 0 0
9968 2 -2.1942289023 12.341148299 -6.1595650868 0 0 0
3739 2 0.004856461 9.490480119 -9.3593614856 0 -1 0
3813 2 1.9070972746 9.0588726304 -5.6416268788 0 0 0
8424 2 2.2040921887 10.5025478557 -9.6299832188 0 -1 0
721 1 0.5898956219 11.2001528346 -6.9999479548 0 0 0
1622 1 3.7548229177 10.5581378717 -7.1779900465 0 0 1
6732 2 6.2406546794 9.4324193062 -8.1508213613 0 0 0
5050 2 6.4662990163 9.923273801 -5.7034347141 0 -1 0
6207 2 -9.0543737422 11.3148813484 -0.1097391247 0 0 0
412 1 -8.6891686376 9.9807402764 -2.514039518 1 -1 0
8961 2 -6.5549356335 11.387080744 -3.7572302678 0 0 0
6151 2 -7.595277311 12.5194012547 -1.8605074584 0 0 0
5507 2 -5.7744388679 9.589130593 -2.4358722717 0 0 1
5322 2 -8.3575647646 9.887066272 -5.1332780715 1 0 0
2335 1 -4.6102276162 11.9530100215 -1.7014376587 0 -1 0
1201 1 -5.5174365185 9.348673896 -5.3739920954 0 0 0
3753 2 -4.2885290045 11.8401588175 -4.707145631 -1 0 1
9497 2 -3.3755795327 9.8582656433 -3.3529641967 0 -1 0
3824 2 -2.1950689044 12.3781962401 -3.4872730261 1 -1 0
195 1 -1.2612143681 10.5746577543 -1.4346133482 0 0 0
3162 1 -0.7224390368 10.2016781879 -4.4436840328 0 0 0
6229 2 -2.014639617 13.2608034993 -1.1110703028 1 0 0
6696 2 -3.675493257 9.311977017 -0.8876073907 0 0 -1
7966 2 -0.2203242754 13.1510451556 -5.0409141525 0 0 0
8822 2 0.0060813135 12.5829957447 -0.0460899822 0 0 0
3125 1 0.9391573331 12.472522009 -2.7531805897 0 -1 0
2520 1 1.7442311598 9.5133760143 -2.8409394773 -1 0 0
6669 2 4.2096503006 9.6110527154 -4.4323979472 0 0 0
3900 2 2.3330611365 11.3825501353 -4.8600515312 -1 0 0
443 1 4.2200287674 11.434313969 -2.1594203578 0 0 0
4141 2 3.3219821758 13.3897032623 -4.0370992862 0 0 0
5636 2 2.2972255121 13.1883203986 -0.6713130418 0 0 0
3386 1 7.3279775697 11.3849727231 -3.2074773005 -1 0 0
5851 2 6.3813014776 11.3136046253 -0.3976873876 0 0 0
7221 2 4.9884760658 11.8499058578 -5.1058352472 0 0 0
2998 1 8.6661454589 9.6673180006 -0.6271156281 0 0 0
7375 2 6.3303936054 9.3092168878 -1.997282646 0 0 0
9107 2 4.83333641 9.4249686222 -0.0371167885 0 -1 0
843 1 9.0303838551 9.1351639499 -4.6921823395 0 0 0
8131 2 10.5240039027 9.5450540604 -2.6320458148 0 0 0
8670 2 -0.913009121 14.5089450814 -2.9857851748 0 0 0
4008 2 -4.1402179623 14.1031506356 -0.0621024763 0 -1 0
4961 2 -9.0902738161 10.8805868686 4.3729878285 0 0 0
3411 1 -6.0482343467 10.0284620575 0.388619288 0 0 0
4949 2 -8.2939326677 9.9598606943 2.2206418355 1 0 0
6515 2 -6.7224146022 9.7616714757 4.5277201683 0 0 0
2631 1 -6.8628069104 12.8914691253 0.77731424 0 0 0
8535 2 -7.1443075526 12.0936193768 3.5682429941 0 0 0
6666 2 -5.1036100582 10.9480180253 2.7688788111 0 0 0
7487 2 -5.1916807885 11.8999111034 5.1247040554 0 0 0
8009 2 -1.7006138903 10.4951871689 3.5281605753 0 -1 1
1620 1 -2.927206091 11.6555110299 1.0666765633 1 0 0
7160 2 -0.5421548368 9.9802453927 1.1711972006 0 -1 -1
5508 2 -2.1829809804 12.9944306098 3.7998353454 0 -1 0
1763 1 -3.8299079409 9.4799351716 4.87719457 0 0 0
5439 2 -3.3731915567 9.1727248953 1.9469293179 0 0 0
4623 2 3.2062737978 9.0804307752 2.0214137229 0 0 1
2074 1 2.024151505 10.6223733536 0.1157359701 0 -1 0
1527 1 0.1625337534 12.3357867791 2.5081418969 0 0 -1
132 1 3.6752345209 10.8602015931 5.1245909299 -1 0 0
2980 1 1.1087825916 9.7403772903 3.4529401205 1 0 0
6313 2 2.8110575363 11.8117560801 2.5130828534 0 0 0
5595 2 2.0524516288 13.1333297661 4.4591889603 0 0 0
4527 2 4.2574322047 12.7670228372 0.5377967245 0 0 -1
2816 1 5.2854336454 10.8820517907 2.2304488884 0 0 0
4798 2 7.2711053829 12.2648722778 3.4550918465 0 0 -1
4412 2 7.955516141 11.0061546202 1.5662953477 0 0 1
9046 2 6.335806392 10.2281119808 4.6742828367 0 0 0
1427 1 8.8952861541 9.7770759763 3.9908615866 0 0 0
8279 2 10.0615538182 9.0672267726 1.6637199848 0 0 0
3515 1 -4.6993533542 13.7271052182 2.6745628111 0 0 0
2608 1 -1.601428276 14.5047094197 1.4978323264 0 0 0
1812 1 2.0867371735 14.5822911446 1.6518353827 0 -1 0
2473 1 4.6549615333 13.8070369666 3.3247084203 0 -1 0
6728 2 -7.2849572413 11.4475834405 6.2259998709 1 0 0
3679 2 -4.54612999 10.6529688338 7.3229605605 0 0 0
3724 2 -3.4082151673 10.9820849597 9.5884037225 0 0 0
9378 2 -1.8215323125 12.1511554244 8.0511332282 0 0 -1
2162 1 -1.9758265095 9.6288859824 7.4950402835 0 0 0
8644 2 -2.838880817 11.8502762706 5.8493007399 0 0 0
1109 1 -0.1088594479 11.6524369964 5.6385031302 0 0 0
8810 2 0.5794184615 10.8539759661 8.1196620838 0 -1 0
123 1 3.1760211346 9.8819844575 8.2068590273 0 0 0
4968 2 2.2224008352 12.3510100655 7.0364006015 0 0 0
8276 2 1.2955300942 9.1836304587 10.2932343614 0 0 0
6409 2 1.6353606755 9.2277584578 6.0601552466 1 0 0
2829 1 6.1974640506 9.8599055695 7.4069472024 0 0 0

Velocities

3201 0.0246645051 0.2868270861 0.0053583219
8325 7.4903953466e-04 0.0671262571 -0.233679005
5805 -0.1793970212 -0.0492955902 -0.0699690195
5812 -0.0361921191 -0.1456268194 0.0551555202
2182 0.001186875 -0.2093633979 -0.2353888466
8119 -0.0337674647 0.049256856 -0.1024205249
9314 0.0480369811 -0.1001720031 -0.0335879791
3251 0.1587711488 0.1731709778 0.1385999079
6487 -0.0032016714 -0.076744928 -0.0141788047
8258 0.0839340542 0.1028345928 0.1130972817
8992 0.041919981 -0.0318926279 0.1077221876
9983 -0.020010376 0.0431569216 0.3986761232
1707 -0.1322784649 0.2140160167 -0.1980892693
1362 0.1269577763 0.0634158427 -0.0427437178
4741 -0.0623992187 -0.1097088277 -0.0923989375
2523 0.1172067202 0.1667880102 -4.3214880095e-04
2316 0.099478415 0.2516295868 -0.1535959934
4664 0.0160339187 0.027228746 -0.0257411678
2505 0.1260796862 -0.1515474641 0.2070845909
5207 -0.0132663598 0.0126525415 -0.0451858559
8043 0.0796717404 0.1927019732 -0.1301073354
7129 0.4044996017 0.0778186031 -0.0791218065
1153 -0.0428009132 0.102903871 -0.1686307381
4332 0.0739659321 -0.1795757815 0.1248138169
4069 -0.1262743631 -0.0342890617 -0.055114045
1159 -0.007935727 0.1014946654 0.085512064
4734 -0.1911507424 -0.2160229101 -0.255160924
3730 -0.0125582257 -0.031304505 -0.0247145261
658 0.016230708 -0.068360897 0.2219256695
3935 -0.034089658 -0.0352895711 -0.0344312472
4017 -0.0621496316 0.2081577284 0.1014605785
1806 -0.167551433 0.1330124108 0.1732726675
8740 -0.2724774199 -0.0265695564 -0.1780660282
1020 0.0696589459 -0.0937558167 -0.1330284816
9733 0.2915785288 -0.0782433823 -0.0966341755
4291 -0.0517571791 0.0624941294 -0.1581538779
6998 0.1275618926 0.2507027029 0.0842653082
1187 0.0992151985 0.0462713214 0.324127466
3177 -0.1086473549 -0.1319147132 0.0507676649
8734 0.0013721935 0.0153802373 0.1901106749
1082 0.1100439395 0.0578327338 0.0459608456
4588 -0.1603753528 0.206327054 -0.0127442276
4985 -0.0464243504 -0.1068374617 0.0891239776
456 -0.1710178462 -0.0333922967 -0.026402375
4179 0.0541746733 0.2316052189 -0.1484883362
6427 0.1584855343 0.058276048 -0.2004638595
8909 -0.3061710367 -0.1439207915 -0.3495522763
8951 -0.2111797872 0.0396205387 0.0949005123
9975 -0.0325849387 -0.0844331309 -0.0349659779
5232 0.0814721307 -0.0179248442 -0.2449245321
7578 -0.0034842535 -0.1149980055 -0.0346964458
6115 0.0198942026 0.1103870522 -0.0486007883
8358 0.1867934582 -0.1184706619 0.179861759
6477 0.0518587384 0.163703801 0.069422322
104 0.1211993461 -0.021980819 0.0385299498
8578 0.093997576 0.195581933 -0.3343071704
4840 0.1190731641 -0.0559085183 0.1157913544
466 -0.1573125132 0.0098576432 -0.1252719465
2569 0.0882703801 -0.0315780749 -0.0842555932
3776 0.2603238039 -0.1203865113 0.0872832793
5880 0.1058040927 0.0482925623 0.2335254394
6414 -0.0927031013 0.2719841485 0.1218528116
1621 -0.155649427 0.0126586216 -0.1252526638
9653 -0.0293430218 -0.0784641174 -0.1110476978
5475 -0.0498426481 0.2236040666 0.0891249221
2706 -0.1927918951 0.0852694785 0.0545082049
2735 0.1384969981 -0.1573484689 -0.1537002736
5390 0.2509036352 -0.188972698 0.0638838998
7104 -0.1267469785 0.2194795959 0.0968167918
7582 -0.1171046818 -0.1161589702 0.3841517955
4534 0.0989936302 -0.0506492246 0.1196448367
1117 0.0952537367 0.1770639321 0.067505766
4909 -0.0138738068 0.0327038001 0.140176475
6190 0.1533187802 0.0572768735 -0.1971793785
7131 -0.1177686441 -0.2388519564 -0.0558935731
2621 0.0266006037 0.1320850864 -0.0080753067
9619 0.0441205879 0.0559805117 0.0538861732
6484 -0.197397538 0.0956189671 -0.1711613097
6776 -0.0549807192 -0.2579035898 -0.2154494318
2519 -0.1396551857 -0.0570526032 0.0282014205
1693 -0.0019152221 0.0616596313 0.046213501
4336 -0.1342302632 -0.2225252106 0.0377283813
3193 -0.0209038001 -0.107920686 0.0094510082
7730 -0.314202728 -0.0694443899 0.0674521348
7843 -0.2441261259 0.1517495938 -0.0433118567
2530 -0.1786202432 0.0422398011 0.0478268238
8433 0.0759944877 -0.0863357098 -0.1198290208
2804 -0.0698109042 0.0543262417 0.0451454275
6351 -0.1800868705 9.2539698821e-04 0.1569952846
2320 -0.033130605 -0.0758588254 -0.2603648451
3019 -0.1493677875 0.0688924534 0.2957494315
8147 -0.184330662 -0.0036261294 -0.011880233
1577 0.1042863408 -0.1092439318 -0.0505227443
4195 0.1671302844 0.0590478797 0.1082985949
9432 -0.1350795741 0.1348895902 0.1027538913
5758 -0.2371582808 -0.3266818733 -0.0080125188
3810 -0.3074419686 -0.2766011463 -0.1873638977
4302 0.1709121374 0.2187353406 -0.0069598202
9517 -0.2086454668 0.1558279316 -0.5587312256
3773 0.0565421366 -0.0904395525 9.1656638622e-04
3378 -0.0350048369 -0.0913915191 0.0423041405
5543 -0.0853027223 0.1618766279 0.1536666198
6419 -0.1927610063 -0.1531128475 -0.0637808715
3693 -0.1043315046 0.0729631096 0.1294466178
7783 0.1636562001 -0.2550152546 0.0443528367
8166 0.0483496133 0.059400542 0.1070319097
3088 0.0549008431 -0.0826331391 -0.0662000185
5176 0.0651935494 0.1338821404 -0.1583655497
6428 -0.0705222689 0.0167339408 -0.0244398706
4905 0.1915110563 0.0780872434 -0.025226609
2431 0.1327805245 0.0494693514 0.1797895311
4672 -0.0435023892 -0.0682862611 0.1659548878
1835 -0.0409884934 -0.0995510815 -0.0747420454
3834 0.1096945248 0.254806407 0.1506423368
3216 0.0307836077 -0.0126260904 0.0881877692
2756 0.2626595362 0.0340710799 -0.0655002677
8768 0.0854328878 -0.2000573647 -0.2298566165
9768 0.1035965234 0.5465930287 -0.0319742313
4226 -0.3061943444 -0.0384291593 0.1227255631
9005 0.2162795784 -0.0228731134 -0.0996901097
1916 -0.0885201108 0.1743689653 0.1341893052
6968 -0.0669805852 0.061296949 -0.2240120083
6262 0.2105567634 -0.1512714104 -0.2090518042
7275 0.1917101428 0.0469546592 0.1807083203
3289 -0.0596747194 0.1371492682 -0.0443411335
4368 -0.1248542813 -0.228905919 0.0131553148
7708 0.0267686596 -0.01076834 0.0532619111
2546 0.0468039873 0.0724771369 0.027099765
5465 0.0169668158 0.1383409591 0.0349780187
3041 0.0534286079 -0.1424276077 -0.0093838401
7724 -0.0377268026 -0.0596072368 0.2232265932
9878 0.0064326923 0.3122736006 0.1479416832
938 0.1010113573 0.1115476923 -0.0587564251
2430 -0.2158879295 -0.1374481717 -0.0912058079
4276 -0.1348584043 -0.0383655573 0.0892612627
8879 0.0840456539 0.2461920889 0.0044118372
1967 -0.0963741103 -0.1991306061 -0.1075759332
134 0.068435688 0.080178034 0.0752102201
3609 -0.1156599119 -0.216574667 -0.0045393937
2809 0.1790625833 0.0436972389 -0.2007387693
409 -0.1858116137 -0.0309020409 0.0163556561
4515 0.1089731901 -0.0436188393 -0.2169824554
8854 -0.0218885871 0.3107882889 0.1688089587
1544 -0.1209405511 -0.2004501531 0.0234482907
7308 0.0353869221 -0.0440854103 0.0669224614
3461 -0.13195097 -0.0387819373 -0.2018483635
7491 0.357151369 -0.1173488602 0.0569156708
1616 0.2352613266 -0.0827485771 -0.0670405864
1059 0.0647956206 0.0084773286 -0.1224380089
3691 0.0374153745 0.0200744106 0.0990985042
959 -2.9558456461e-04 0.2587776952 -0.0575778374
1945 0.1907229772 -0.0441543397 -0.0998408813
6693 0.2561288561 0.1550749144 -0.0283445048
8924 0.0160371619 -0.0292040023 0.2699499986
8299 -0.2904409932 0.0790496597 -0.130494459
5509 -0.0714416026 -0.1079833506 0.0364217331
4315 -0.259458866 0.2142319163 -0.34304134
775 -0.0295756046 0.0797464501 0.0786124179
4233 0.0914556113 -0.1721966481 -0.1444519389
9503 0.421179011 -0.0966189099 -0.101533217
3707 0.1730110873 -0.0106527455 -0.2856898013
7602 -0.0760580233 0.4132492895 -0.2154959304
3767 0.0152660179 0.032492365 0.210885748
9666 -0.0915599941 -0.0478783975 0.0689335238
1830 -0.2005490633 0.1485376511 0.0227072514
612 0.1862524824 0.2003513924 -0.1577180027
9325 -0.0913054536 0.2540672548 -0.147371546
4378 0.1819716533 0.0705115214 0.1803952702
2198 -7.656183066e-04 -0.228610398 -0.1336519215
9064 -0.059758152 0.0484926918 -0.2066353835
3881 0.029091272 -0.1579337159 0.1974781402
6162 0.0238170881 0.0443132632 -0.1520128367
1428 -0.1588148727 0.0122796301 0.078515687
8977 -0.0579523692 -0.1958180718 0.0441279306
9170 -0.1505714382 -0.0177898333 0.3139539017
5932 -0.0967390135 0.0817158033 0.1531605109
8383 0.036713303 -0.0301472649 0.2347297108
2307 0.0544416998 0.0139931278 0.1473123963
9479 -0.2920215584 -0.190864352 -0.211675108
581 0.2139145969 0.0786779683 0.0735410316
1264 0.0403791072 0.058092074 -0.0189653784
8180 0.0706857925 0.2753352982 -0.0119156796
1736 -0.3619848187 0.130032175 -0.0998471024
6671 0.1575585458 -0.1006702793 -0.1841483861
7863 -0.0011905563 0.1332324823 -0.077107621
6136 0.1484317352 -0.1276004912 0.078043013
8615 -0.1656528223 0.2039749601 -0.0348135726
6902 0.0438842435 -0.1077732793 -0.0683924437
5310 -0.0479749464 -0.1467266348 0.443865594
7885 0.086795906 -0.2367320487 0.1158048131
471 0.1057338718 -0.0959797301 -0.1520694992
8459 -0.1007401284 -0.0933520918 0.0091234643
9239 -0.1109557513 -0.0444039434 0.0870147052
7723 -0.0044088311 -0.1417573372 -0.1262894292
223 0.2012599972 0.0497283883 -0.0428869177
6816 3.2613283661e-04 0.1577745021 0.0897374873
4502 -0.1443921163 0.0068367413 0.1383138197
2548 0.0695768942 -0.1319848338 -0.1516666555
7628 0.0178593377 -0.018207345 -0.2165241997
628 -0.0876479742 -0.096894357 -0.0177067337
2634 0.1301401108 0.1586272829 0.0891069381
7329 -0.1550591167 0.3374133732 -0.1951839483
5328 -0.0350639554 0.3160123429 -0.0222558017
3063 0.2015029127 0.4209211677 0.0571146531
9142 -0.1042188525 0.0539951927 -0.17226239
8084 0.0095370076 0.0615448944 -0.0195250454
2905 0.0052191918 -0.0755778454 -0.0883835469
2506 -0.0034720225 0.0016581345 -0.2035631499
9338 4.1993590822e-04 -0.0079232793 -0.1688470432
6286 0.1526284723 -0.0904273297 -0.1324119723
8938 0.0052709942 0.3741836486 0.0057686386
796 -0.0405837753 0.2295920538 0.0803561732
1553 -0.0613377122 -0.0327376869 0.0337824402
275 -0.0276778214 -0.0094985815 0.0865459176
4147 -0.0883620147 0.259730697 0.1455805534
6257 -0.0391112804 0.1296282225 0.0179069495
2138 0.0167209766 0.0200104461 -0.2263791258
5054 0.0351128641 -0.0911881644 -0.2266471696
1211 0.0884763969 0.0171721137 0.1064080514
7670 0.2325798754 -0.1883775907 -0.1480559566
951 0.0455163518 0.0739995353 -0.182976619
3518 0.3214451512 -0.0485265296 -0.2541403653
1495 0.0412705852 -0.0883918946 -0.1323752766
311 -0.09513891 0.0646842902 -0.0014096489
1878 0.1188925421 0.0492259149 -0.122023118
4697 0.1426432532 -0.1996246916 0.062311155
1125 -0.2711822117 0.0141592821 -0.0410520075
3703 -0.0709508352 0.1348075741 0.0226591917
9076 -0.0380869065 -0.2155594677 0.0986315406
9389 -0.0391067027 -0.1142598219 -0.1343763224
9308 0.2168611226 0.0738973157 0.138537291
2488 0.0929452643 0.0464314431 -0.2535665346
8368 0.1957731673 -0.0021474714 0.3506676002
3408 -0.0255965037 0.1776322669 0.1400067272
6393 0.2549797408 0.0899406598 -0.0177599419
9129 -0.2693215258 -0.1534037529 0.0450937029
98 0.0053606198 -0.1488155769 0.0385239525
8839 -0.2776281924 0.0173380977 -0.0264803071
9551 -0.0623157434 0.0837816817 -0.0102471995
1711 0.1024527849 -0.0672686849 -0.0353785497
2273 -0.1133481806 0.0611666449 0.1275144917
8964 -0.2750179494 0.1133953815 0.0493249694
7529 -0.1069847544 -0.4059012191 0.0340831912
1871 0.0951141616 -0.1544561352 -0.023597111
1543 -0.0989583603 -0.0053588587 -0.0330032487
4956 0.1260144676 0.1776957377 0.0219135015
5886 -0.1701029507 -0.0488820294 0.321548737
7821 0.134591207 -0.2783095337 -0.1075382422
5633 0.0403955726 -0.0287162921 -0.1205725011
4686 -0.2801498289 0.3002444273 -0.0475075055
2908 0.1171714327 0.0648845507 -0.0253065551
1960 0.1252539283 -0.0779532054 0.1662638939
8557 0.1251355274 -0.0804792236 -0.0861620637
4978 -0.0273962737 -0.0734243414 0.2464660132
5700 0.1579903097 0.2396869036 -0.2174224544
3333 -0.0355796557 0.1652505196 0.0083864253
1732 -0.0850466552 -0.1333822656 0.1131187577
9423 0.2250678893 0.0980653226 0.0603871197
7029 -0.2713696476 0.1595521062 -0.2638374889
2382 0.0914159632 -0.0317590623 -0.1756938677
8151 -0.0082491073 -0.3338991324 -0.1575357365
7117 0.0708860992 0.0806054606 0.3429182123
5037 0.1172092396 -0.2155941579 0.1335097248
264 0.2226682759 0.0232742426 -0.0826888783
4432 0.2361105126 0.1851924065 0.028396868
2130 0.0877194406 -0.1630371148 0.015087146
736 -0.0660886514 -0.0450911131 -0.0058614497
8285 0.2898148981 0.2247587025 -0.0760318252
3157 -0.1832563895 -0.1176655344 -0.2372424759
154 -0.0743233186 -0.0303529071 -0.0232977757
5719 0.0515055952 0.0067804726 -0.0453817141
8927 -0.0209489658 -0.3138323434 -0.0075744519
9420 -0.048624113 0.0808238379 -0.2155783153
2370 -0.0124932122 0.0133688218 -0.0560884627
8969 -0.11446028 0.0678089478 0.1858691671
3984 0.2730284355 -0.0376472752 -0.1230402157
866 -0.1789257446 -0.0028180734 -0.1641138339
3033 -0.1773392623 0.058223741 0.1771286061
2531 -0.0735533408 0.0055500376 0.0175178377
1205 0.0014755239 -0.026444355 0.0037365235
58 -0.100479993 0.0059454417 -0.0284332252
587 0.0483546359 0.0838901249 -0.1381907462
5346 -0.2016832439 -0.1679712616 -0.0193582378
3314 0.0634442577 -0.3038505766 -0.089640936
3391 0.068207019 0.0124980526 -0.003339488
8921 0.3613956801 -0.173791187 0.0078551902
2099 -0.0086301069 -0.321001732 -0.1718610843
726 0.1139415959 0.0565522013 0.0897924641
2078 0.2632139964 -0.0395874383 -0.0954885994
105 -7.6318275517e-04 0.2876361323 -0.1359153318
9796 0.0591092249 -0.2832222925 -0.0360630802
8852 0.0953961222 0.1767733419 0.0255981979
1156 -0.1365207157 -0.0933932153 -0.0654608676
3866 -0.0199431821 0.3068339162 -0.0405724274
5307 -0.1139223035 -0.0575179965 -0.0719830953
4649 -0.1317701689 0.0855801555 0.1318034033
6032 -0.0240487331 -0.3578312388 -0.1932745626
2864 0.1047371457 -0.0480765905 -0.0459808654
294 -0.0288525188 0.0110929231 -0.0792937144
8079 -0.0027116653 -0.1767340802 -0.0077339322
7264 0.1579721695 -0.07600054 0.0869592928
2863 -0.1668256003 -0.0583361376 0.0414401465
8943 -0.0054635589 0.1744151549 -0.0951237789
7526 -0.0619014479 -0.3837748147 -0.1221557897
895 -0.2269194434 0.0199913847 -0.3418315058
5660 -0.0550286672 0.1990908252 -0.0666287513
6772 0.00596995 -0.1327279474 0.2092192192
8506 -0.1375052236 -0.0671735554 -0.1734813477
5852 0.1098526849 -0.2067938306 -0.115002531
8011 0.1021440285 -0.0049119109 0.0416685478
6245 0.0737613642 -0.017423324 0.0666876141
2180 -0.0697460752 0.0072280305 -0.1916496462
7934 0.0261172956 -0.2199854968 0.1406522998
8291 -0.2001913569 0.0833842565 0.0117174733
5071 -0.0732061495 -0.0398255362 -0.167044415
437 -0.0264107876 0.0468485589 -0.2315521244
2337 -0.1915092286 0.0142239536 -0.09349638
3737 0.0908703567 0.1009509058 -0.0777809906
811 0.0086921321 -0.0735875427 -0.148717546
4316 -0.2452879437 0.1595866608 0.0739427586
2508 -0.1652538112 -0.1818936266 0.286066803
2439 0.1669123829 -0.0478631987 -0.0213450259
9399 0.0912269274 -0.125060126 0.0846087253
6621 0.1080982226 -0.1931146358 0.0352520303
5032 0.0925529651 0.0114233642 0.1713362894
872 -0.0016879224 -0.1670413117 -0.0179757832
7256 0.2765377875 0.140995529 -0.0957864568
7812 0.0659293394 0.1198404175 -0.0783453012
3516 0.0839988623 0.049127201 0.1129210401
8864 -0.0422966411 -0.0911657599 0.1199136752
135 -0.0882704903 -0.3335638895 0.1156720125
8346 -0.0740324576 -0.0898384158 0.0757355612
9361 0.2290162419 0.003691498 0.0586563318
5631 -0.0159160091 -0.0664988074 0.0257248485
1790 -0.0698421203 -0.2124439078 0.310115916
2622 0.0869534375 -0.1608977393 -0.031572736
1536 0.2872047553 -0.2169536558 0.1528064902
3256 -0.0753688477 -0.0699164095 -0.0033528402
3783 -0.0087392147 -0.2975566773 0.0102169764
9180 0.1445883762 -0.0748948318 -0.179421662
912 -0.1013683383 -0.0403229702 -0.0653793456
8797 0.1513656921 0.1981663656 0.1328878673
9585 -0.2802236361 0.004780418 -0.2587410971
946 -0.1072997811 -0.0324296106 0.0618198857
9962 0.0363402467 -0.0504019074 -0.0415844504
9001 -0.0876818676 0.3049093534 0.0571521404
1650 0.1154139278 -0.0285534061 0.0674647676
3477 0.1233175287 -0.0702932335 -0.1521233437
1336 0.1329229781 -0.0326632735 0.1616332098
2556 -8.6800920076e-04 0.0944547155 0.078698679
8792 0.3287419722 0.1230857668 -0.0281021832
1769 0.1331615164 -0.0730512833 0.1041193015
8321 0.0569377798 0.1818054821 -0.0785635051
3581 0.1002894206 0.0025756901 -0.0526665456
8228 -0.3426032164 0.2518436424 0.1334187095
6567 0.1340184678 -0.0879149702 -0.0603938445
4489 0.1429861766 -0.2180717173 0.1485494448
4186 -0.0912967811 -0.2685442292 -0.0756001269
6143 0.1935699502 0.1855121771 0.1270188843
5996 -0.1584660514 -0.0138743533 -0.0286800108
5749 0.1015221626 0.2932106272 -0.0756449341
2742 -0.1758134332 0.16602931 0.0304293974
3353 -0.0593330422 -0.1235162214 0.0158672211
7349 0.0019216033 0.0765467069 -0.2623016164
4808 -0.0401842988 0.0042764934 -0.0250501293
5466 0.0471694948 0.1881346482 -0.0554579383
4127 0.1017829088 0.1106253288 -0.0308547966
6016 -0.0174679494 -0.1640620754 -0.0341261122
7859 0.2448753226 0.1346717617 -0.3570596873
3777 -0.0932175042 0.2566499604 0.0065470094
6139 0.0254059216 -0.1465543799 -0.0120498755
280 -0.0791533872 0.0341148844 -0.1460761577
898 -0.2522548285 -0.0108797152 0.1624827773
158 0.0786894623 -3.9046499892e-04 -0.1668330843
4529 -0.0680170381 -0.1537942637 0.0670336709
9256 0.2002594549 0.085136674 -0.0796059243
1021 -0.002744341 -0.1879875235 -0.1883448837
7903 -0.1428925364 0.0438508455 -0.1444658801
3618 0.1113667833 0.0867821768 -0.0707791095
470 0.1985732123 0.1476239458 -0.1267925848
4579 -0.1073896082 0.0339084846 -0.0724673604
6384 -0.0737475992 -0.0431428618 -0.210264243
3221 -0.1368919267 0.0521229286 -0.2265361562
7402 0.0133118211 0.0434273687 0.0360661083
1948 0.0135122998 0.0378390893 -0.0870302022
1686 0.1258429635 0.1006323725 0.1219582893
859 0.1184597383 -0.0113502616 -0.0643059679
5436 -0.043892939 -0.1386945721 0.0570645017
960 0.0073490394 -0.1549425584 0.3831160172
5545 0.1180171674 0.0349279475 0.0706027774
7492 0.2528691236 0.0723215475 0.0997488964
8589 0.2239493634 -0.264727537 0.0761614794
1638 -0.10635525 0.1912059581 -0.0244266281
7244 -0.0659440498 0.0726397977 0.1319256013
9456 -0.315573664 -0.0469453234 0.1934778367
7772 -0.139128233 0.1464650437 0.183326693
8016 0.0242462337 0.2102786654 0.0787979127
1134 -0.0850759755 0.1784894987 -0.2521217778
3886 -0.2921187154 -0.0328601691 0.1358419301
8858 0.0630237126 0.0911873387 0.0407553279
6961 -0.0520575265 -0.2354016819 -0.0347978421
1966 0.1534726138 0.2543510953 -0.0376448317
7990 -0.0759758111 -0.0069167452 -0.0879353467
4850 -0.1166723105 0.2217856182 -0.1459598586
6150 -0.4103450575 -0.1992727455 0.0041445276
765 -0.1938979699 0.0559515065 -0.0692151731
7334 -0.2488758055 0.0258325675 0.0233798245
4229 -0.2582184112 -0.1340691624 0.0494868382
5571 -0.0207969433 -0.0268316249 -0.2109147592
5068 0.0315498863 -0.0535378226 -0.0791415829
1906 0.1188783564 0.0659314188 0.0656558618
3948 0.2796132282 0.331037257 -0.218112804
1333 -0.1749246073 -0.2910185723 -0.1216279197
7758 -0.1710656955 0.0115745123 0.278411825
5526 -0.0164863752 0.2859670459 0.1269613972
118 0.1138866707 -0.1444421783 0.1699306014
3893 0.2742904294 0.0417223237 0.2506912467
7168 0.014722598 0.0455860601 0.0924141248
8223 0.2248949928 -0.1967610365 -0.3865969155
7953 0.0646885217 0.0868775582 0.2542093296
9311 -0.1313611415 -0.2258364014 0.1126848006
9789 0.0563263376 0.1114465353 0.1138222493
9806 0.1035007816 -0.2108610843 -0.0537841481
3248 -0.1902732936 0.0385643813 -0.0028186138
7383 -0.070468151 -0.1479221199 -0.1505296465
5009 0.2140392412 0.1474763463 0.054670948
6483 0.2060208811 -0.1321152384 0.1089428124
6590 0.1887853355 0.2410640015 -0.1644475217
4761 0.0855007002 -0.1691656636 0.1827031149
9179 -0.1122475545 0.0405584597 -0.0945046774
4759 -0.1018505193 0.2134944032 -0.0616870963
2640 0.1478125215 0.1604328342 0.1875248302
2282 0.1414768643 -0.1845510352 -0.004378791
2224 0.0586098523 0.1294057408 -0.0354988943
5190 0.0448235617 0.0697788757 0.0218628408
5132 0.0820412646 0.0779078036 0.0564962653
4012 -0.1399257078 -0.0858771102 0.0945035882
8620 0.0060119683 0.2725924189 -0.0961008812
1438 0.2012146068 0.1117576406 0.2963285707
863 0.1792369024 0.1366546581 0.0325228998
9384 0.1209571204 0.2286948138 -0.0555350068
7417 0.1423589568 -0.1755221044 0.030457421
1308 -0.1539247155 0.2785066277 0.0396044453
9020 -0.1736566813 0.1601073318 0.1659599537
800 -0.0686344297 0.1921370743 -0.0073596919
5372 -0.0661905076 -0.1367517935 -0.0695307373
8487 0.2044284219 0.0997225706 0.0534308687
1685 -0.0729379407 0.1677203752 -0.2159626558
830 0.0109672831 -0.0632017368 -0.0128137228
3284 0.1587815147 -0.1408080873 -0.019233198
5844 0.0049122657 0.0401251938 -0.2184049671
8532 0.0530231207 -0.1054082276 0.0197747381
2286 -0.1450234371 -0.0423802375 0.0207863361
3629 0.0266760642 0.13847443 0.0083648309
3670 -0.0251074131 -0.0935759897 -0.2144191226
1562 0.0623845569 -0.0754686973 0.0897261588
5352 0.1915691271 0.1968753634 -0.1597894377
9996 -0.1014439791 0.0850401471 0.3046876269
7983 -0.0629722669 -0.2145394433 0.003707868
7913 0.2371921752 -0.1454181357 0.2305229615
3717 -0.0202793272 0.2589472394 -0.2241958207
5686 -0.0607018263 -0.2946458207 -0.0258196965
3340 0.0090460381 0.1163150435 -0.0360055529
499 0.1214995704 -0.0558698137 -0.0223472295
5295 -0.1444763019 -0.2490601229 -0.0538173395
1641 -0.0104242711 0.1076483777 -0.0597335884
5412 -0.1613679887 0.1090968751 -0.2142220872
1836 0.1417446081 0.1436877977 0.1294707022
4652 0.0240952629 -0.2757319812 0.0221945929
4021 0.0807278658 0.0035094617 -0.4917715113
3044 0.1203776907 -0.1493463273 0.0031974891
1325 0.2020847307 -0.0690968256 0.0171287184
6418 -0.0104246459 -0.2001048536 0.010266294
9911 0.2405316416 0.0011364086 0.0880723972
2726 -0.0633034106 0.0068423901 0.0781951073
3487 -0.1402190881 0.0022105511 -8.5405086122e-04
2033 0.0668633405 -0.1741211901 0.079313806
5747 -0.0361080875 0.0278588356 0.0627919834
3610 0.3288514911 -0.1143239488 -0.0973217262
9616 0.0863836081 -0.0692732073 -0.1029315455
2363 -0.0408165454 -0.0075510439 -0.0013928809
9394 0.110520175 -0.1541335202 -0.1155552987
3545 0.107410149 -0.1957879472 0.0883126795
8604 -0.1703280671 0.0525347612 -0.0761988314
4719 0.0547145812 -0.239956966 0.2261989648
6417 -0.1078880385 -0.0093196288 0.0937527894
3713 0.048492573 0.0053481948 0.0695825492
3042 0.07174066 -0.1159737456 -0.0268320195
3400 -0.1742704367 -0.0557763046 -0.094753457
3387 0.0096043481 -0.0216110697 0.2024996482
8865 -0.2097798187 0.1284536768 0.1245984788
835 -0.1050900228 -0.012559207 0.0409010063
8666 0.0702736285 -0.4514543014 -0.1440714548
5547 -0.0412545041 0.0870081312 -0.2229817203
3325 -0.0538562809 0.0694458634 0.108747309
9119 0.3915288315 -0.0791695628 -0.1316390556
5562 0.013172691 -0.1219053273 -0.0401349709
8442 0.1706194969 -0.0058632155 0.20437522
3169 -0.0289047033 0.0359953392 0.0606657182
3366 -0.136874117 -0.0586246166 -0.0531837116
7111 0.1098821018 -0.2010880273 -0.1218572265
4266 0.2158118198 0.0728275452 0.1075929038
8434 0.0711631925 -0.3730058997 -0.1927906416
3150 -0.0835663817 -0.1179372722 0.1962973197
7092 -0.0867621595 0.077948585 -0.3567567203
4689 -0.2476006787 -0.2185389842 0.1380283385
539 -0.1086216284 -0.0278230242 -0.0735425166
5180 -0.2685729701 0.1267595291 -0.2031242554
4743 0.1684715055 0.0746261902 0.0062290128
9382 -0.0216538214 -0.3365570473 0.2561332681
8259 0.2921450772 -0.0709745683 0.0746475004
376 -0.1218209254 0.1973671493 -0.250322141
2746 -0.0175418922 -0.0849674719 -0.0526745643
4066 -0.0059903755 0.0687755402 0.0607380061
3227 0.0075536787 -0.0268414359 0.0864400579
4473 0.0166097651 0.2947133906 0.0176189901
9464 0.3443129329 0.1548526386 0.0439632268
454 0.1096633868 0.1053490356 -0.0887979414
9688 0.1106772117 -0.04692046 -0.2415682817
8585 -0.0589780426 0.1764549702 0.0780766421
5920 0.2066370956 0.0442386789 -0.3494291523
4921 -0.2373755653 -0.0442901422 -0.044306349
1342 -0.1229495912 0.0092284313 -4.6546126843e-04
6051 -0.1319411124 0.0137060017 -0.0996432196
6839 0.0435424098 0.1287962934 -0.3556178111
1011 -0.0226719969 0.1853178259 0.1028047722
9882 0.0708517333 0.0080124198 -0.0793371734
3938 0.0454213918 0.2357948641 0.1351221299
6884 -0.2254929731 -0.1489341949 0.0775045861
2698 0.053761619 -0.0021714772 -0.0082621233
7711 0.0956231637 -0.2186699329 0.001999037
1519 -0.136150987 -0.1312538197 0.0591191751
5617 0.2313989377 -0.2663083572 -0.0269613107
9470 0.1736727975 -0.1722325112 -0.0336494746
2325 -0.0306451114 0.0977355032 0.1011102503
4815 0.1019054921 0.2027542701 -0.2739836875
6007 -0.020806614 0.0342832108 0.0677738604
3247 0.1149613692 0.006818919 0.1826863012
5206 0.0804840263 0.2809201328 0.1100650347
9933 -0.1039200681 -0.2672717771 0.0054658692
3922 0.0658446215 0.099203165 -0.0015528782
5279 0.0315441173 0.0276305981 -0.3059838283
6077 0.11751748 0.1509497123 -0.187272965
2449 -0.0093225003 -0.3894923933 -0.1431475571
8767 0.0760470216 -0.3402190402 -0.117952228
6072 0.0415000419 0.232617955 -0.062184089
8440 -0.0597002056 0.0348519557 -0.0964132782
5075 -0.3103194505 0.0831865362 -0.0438681089
509 -0.1077397386 -0.0911162643 0.1182000217
4341 0.1661199556 0.1320626746 0.1610737229
5317 -0.2910901137 -0.2198548997 0.1161632243
6552 -0.1057470907 0.1149686726 -0.1227215266
561 0.1428362295 0.0588802394 0.2221749252
7712 -0.2610187519 0.0667995685 0.2400844736
3292 0.0154550028 -0.0238145623 0.0983867604
9059 -0.143236892 0.1701467791 -0.341732628
3811 -0.093000915 -0.0313010966 -0.0169779437
9941 0.031557687 -0.2204346836 0.0199293273
4984 -0.0519503172 -0.0991957062 0.211033516
4312 0.0613890318 0.0528103402 0.2769000413
599 -0.0652047017 0.087574496 0.1789366603
2887 -0.1458167689 0.2165754561 -0.2210912591
4587 0.0820433391 0.2039783004 0.1383201132
846 0.1036193238 -0.1665852844 0.0932593224
9011 0.0718132056 0.1022513519 0.0614812708
2718 0.0036861731 -0.0224241256 0.0010226618
8030 0.1499485446 0.3567241211 -0.0852252021
4915 0.0412669908 -0.1008565289 -0.01895514
1631 0.1137658936 -0.0335837037 0.0803465744
4696 0.169349105 0.1871400196 -0.2319352769
7350 -0.0594708071 -0.1159654044 -0.0636155082
3239 0.0290684708 -0.1467228457 -0.2427266129
1303 -0.0711858465 -0.0855357315 -0.1749517709
5731 0.272908459 0.19943737 0.0666210197
9574 0.090453725 -0.2153246449 0.1185833147
7508 0.0285377847 0.0294686838 0.1145226334
4384 -0.0485385794 -0.0549559304 0.0759132503
1552 0.0114684113 0.2589125585 -0.1286116474
9999 0.116187776 -0.0952074971 0.0076285288
7505 -0.2881345254 -0.1677240762 0.1709074772
1087 -0.0305448593 -0.004030255 -0.2326986732
7642 0.132220692 0.0047700398 -0.0521271764
6838 0.0090628076 0.0692911268 -0.1200821208
4110 -0.1299473653 -0.0721250774 0.4421674781
9683 -0.1523835822 0.0079783864 -0.1302515228
635 -0.0388640665 0.0920431043 -0.0896063344
4142 0.1002863881 0.160218836 0.1682439397
6185 -0.0491860678 0.164513281 -0.0460148489
1914 0.0621161063 0.0334982586 0.1542822804
6637 0.025452384 0.0217498378 0.1317132206
3819 -0.0855912557 -0.0548770753 0.0654449146
7976 0.163083275 0.0553032584 -0.2660009724
896 0.1150039537 0.0272765458 -0.1630113011
7443 -0.2431223468 0.0631872776 -0.0932073454
8533 -0.0405690751 -0.0561118906 0.0669769242
1815 -0.0540464457 0.1689807103 0.1133008823
2126 -0.0342969631 0.1515950447 0.0400881672
3584 -0.2228816871 0.0866560983 0.3243683601
1737 -0.0099504641 -0.0280921761 -0.1613599101
7822 0.0809935552 0.2261977994 0.077530888
1754 0.1991564536 -0.0677821184 -0.1695321276
9027 -0.1017660749 0.0635316998 -0.1415335049
8114 0.1499886588 -0.1050685853 -0.0778701556
664 -0.0438996141 0.0992799346 0.0539077559
4874 -0.0791007513 0.2440214758 0.1641862107
1910 0.013902467 0.2288983348 -0.0967797605
5257 -0.1270662656 -0.1385995825 -0.1639761101
7005 0.1060459223 0.1059020802 -0.0343000181
9815 0.0044262188 -0.2439319962 0.0470098648
7004 0.276372763 0.04168094 0.1962539522
5262 -0.064351006 -0.1126221984 0.2241841782
9850 -0.0934204056 -0.3907330402 -0.0797275405
8213 -0.0890041512 -0.016687823 -0.0712979649
8014 0.286662383 -0.0446707315 -0.0355475513
7445 0.1402770596 -0.0183279005 -0.0397493565
2611 -0.047929866 0.1300837107 0.2158680622
4097 -0.0068927469 0.1859767883 -0.0209087098
9841 -0.1200000233 0.0150391698 -0.1357888367
1839 -0.167189107 0.1485677431 -0.018125505
4557 -0.0208650541 0.1039226328 -0.1049427071
2492 -0.0203784904 0.2400118109 -0.0058562812
2985 -0.0489021259 0.2016298959 0.0888140995
1260 0.1507880738 0.13774244 0.0291197818
6960 -0.1735047117 0.2954635197 -0.1293007552
7964 0.070459874 0.318309906 0.1066281288
127 0.0108273364 0.094400528 0.0899182654
6759 0.1125100359 -0.0651820956 0.0575956857
6402 0.1578919327 0.0162691973 0.029763632
1350 -0.0385383478 0.0453361563 0.0554072718
2578 -0.036054263 0.0466121653 0.041935222
7494 -0.0497153871 0.0546829244 -0.1658698557
4934 0.0170401899 0.1621113871 -0.179233843
345 -0.170840759 0.1627355928 -0.0418136871
263 0.0082249781 0.2711491888 -0.1346605318
3190 0.1987095923 0.2512798724 0.0561781317
9642 -0.0170262336 -0.0529577567 -0.2105737103
4720 0.1317406735 -0.1333648717 -0.3002380228
4155 -0.1928632909 0.0589614314 0.1329557034
8048 0.2875818109 -0.0383679637 0.0985729524
7084 0.1043345667 0.0231915212 -0.092409196
9248 -0.0621904114 -0.0417843888 -0.1502232813
3455 0.0933310131 0.0666040874 0.2356312243
6855 0.0900560917 0.1883131767 0.2738814969
3959 -0.0287679058 0.1308656002 -0.0985774129
5415 0.3072881674 0.0793792808 0.11877355
719 -0.006256342 0.0128796746 0.1047469512
4020 0.1710377015 -0.0266666031 0.0464135159
1142 -0.0266444633 -0.2089776762 0.1008809763
5946 0.1086670258 0.0613955579 0.0691247564
5150 -0.0565298016 0.1342601093 0.101592458
5878 0.2175491317 0.0026620361 0.0253146587
1061 0.0396454026 0.2551710189 -0.2339831714
2458 0.2196788189 0.1703397242 0.0774206853
6714 -0.0834494997 -0.1607508647 0.0176057653
3840 0.1122476377 -0.1831797869 -0.235427786
6225 0.0873961493 0.1583692696 -0.1201609418
2208 -0.1614710639 0.1300292511 0.140941904
2662 0.0908703562 -0.0662260171 -0.0047301891
462 0.072476348 -0.0967547392 0.1350656068
1322 -0.0360572197 -0.0325675377 -0.0335736
1086 0.1289476728 -0.1067288108 -0.2057963617
5647 -0.0887487298 -0.0021085759 0.0810735047
4562 -0.1824697818 0.2034223983 -0.1792520259
3727 -0.0782271749 0.0950754012 0.16518425
1943 0.1251326902 -0.0790701051 0.1068876656
9742 -0.3170729294 -0.0949255666 -0.0777435097
6653 -0.0908212536 0.2519437387 0.0533145152
4858 -0.0228877207 -0.002175154 -0.062992028
6218 0.1763372761 -0.011044063 -0.2067452532
4223 0.0779147507 -0.1149609862 -0.2279739493
4408 -0.0972937809 -0.0066933562 0.1714521143
1758 -0.1043477362 -0.0108890306 -0.003058751
5385 -0.2794573774 -0.0280785047 0.2601762069
5284 -0.0751626089 0.0292719197 -0.1281001621
8704 -0.0456745689 0.1559816595 0.0564067523
4396 0.1373450948 0.0629827505 0.079180866
1651 -0.0297858686 0.0780165873 0.0895309631
2365 0.0496657869 0.0331180509 0.0635941832
9679 0.198174669 0.2298821718 -0.2975050129
3010 -0.0178085503 -0.2080659263 0.030671458
1783 -0.1362770385 -0.127425179 0.1413070441
2040 -0.0447370467 0.0074561525 0.1279513973
6011 -0.0717535146 -0.2633506479 0.2454087184
2000 0.1958120928 -0.0031740649 -0.0186154455
4125 0.0230962483 0.2888342575 -0.0362083161
3786 -0.2182334545 -0.2123575129 0.0384832
5304 0.0354719529 -0.0267835155 -0.1138474994
2522 -0.0593801694 0.0117661848 -0.0534039615
9513 0.1447571122 -0.273126713 -0.4218680523
6069 0.143956236 -0.1305333309 -0.1236300847
7703 -0.0246129202 -0.1439219104 -0.1245653667
3565 -0.0400283648 0.0367900021 0.0692419028
2384 -0.1833667341 -0.2414428791 -0.0150808591
5173 0.1646937328 0.2864420495 -0.1058172416
3148 -0.0829568161 0.1318446514 -0.2196726758
8785 -0.1256862136 -0.0134406734 -0.2287395743
7681 -0.0724844635 -0.0121003756 -0.1466757706
5238 0.0764824503 -0.1497298829 -0.1214506756
1132 0.0613977184 0.2322296246 0.1045928094
1413 0.1768228052 -0.1093293263 0.2910951645
7687 -0.0960738284 0.2615054776 0.4115906744
3513 -0.1160932443 0.0464420384 0.1243480225
5045 -0.1371570312 0.0124541247 -0.0651510789
9232 0.0435135035 0.2086231839 0.0855862323
2110 -0.078398611 0.3313530106 -0.2913881207
9331 0.0470148875 0.115754032 -0.1564671492
1484 0.0227404399 0.0808843632 -0.1947986979
3371 -0.1605395783 0.1530907259 0.183966129
9255 -0.0571416461 -0.0360731588 -0.0553968123
1148 0.0840306841 0.0110630665 0.1391362992
7734 0.1634522162 -0.1458566605 0.1836618882
3323 -0.1906017396 0.0803509982 0.0384578783
5461 0.0707144498 -0.0412108404 0.1289927356
6635 0.1576005565 -0.0037537508 0.2692949645
2835 -0.0821461665 -0.1865056622 0.2060391844
396 -0.0147636154 0.0770216705 0.2052049595
6530 -0.016442896 -0.0642848054 -0.1398184819
4287 0.0232874135 -0.1976537584 0.1893316576
1820 -0.0193311892 0.1681111973 -0.0284673305
5835 0.0618033624 -0.1134731416 0.0569706565
6268 -0.225138228 0.0521568608 -0.1341056217
3040 0.1742664824 0.0011572631 -0.1998533038
3558 0.1641658683 -0.1580934859 0.1506946754
716 -0.0303872811 -0.0021013581 -0.0803546154
7453 0.0352044165 -0.0073049365 0.039191351
7406 -0.0573359584 0.0353259095 0.1250486775
5511 -0.0901083827 -0.1775659125 -0.0900926645
5644 -0.1037618097 -0.0729429961 -0.3003934777
7720 -0.0286392314 0.1805024165 0.0478204909
2336 0.1860735514 -0.0953185772 0.064798968
2644 -0.0443265699 0.0502757224 -0.1228293983
4879 0.0564829475 0.2233831536 0.2976474051
4436 0.1230022597 0.0500062821 -0.1895603967
1196 0.0083050118 0.0867226401 -0.0471885889
4424 0.2662841205 -0.3120433182 0.020710681
6958 0.0739071878 -0.1637436671 -0.1206073676
96 -0.0449304576 0.0899662164 0.0669029285
4687 -0.1017184223 0.0455451778 -0.0411920262
5057 0.1039020608 -0.2103302051 0.028921243
6663 0.0727156989 -0.2731170115 -0.0662197682
6682 -0.0509235069 0.0163523905 -0.2259565601
9026 0.0220629586 -0.0768037622 0.081239823
4501 -0.0256315633 0.0658743452 -0.1164950994
49 0.0686553128 -0.0339580434 0.0090751945
882 -0.0759887073 0.0052392493 0.1513479614
1288 -0.0479494194 -0.1456486077 -0.1106824194
3603 -0.2135680354 -0.0281990468 0.0704522883
4865 -0.0852939337 0.2383208607 -0.0987596619
8281 0.0650323727 -0.3928144731 -0.0371302277
9038 -0.121227997 0.1413057474 0.081603612
8950 -0.2429448179 -0.2851193449 0.2045759449
3909 0.2825481405 0.0333958948 -0.1187014081
7727 -0.1115591027 0.0055731223 -0.0665273929
7690 -0.1721354215 0.1262742729 0.0492506544
9383 -0.0535971536 0.3281026395 0.1285648893
7430 -0.1342872667 -0.3620032051 0.1553181324
8437 0.0919468595 -0.3952199022 0.1337770558
1469 0.1357983765 -0.1735631278 0.0051390031
3993 -0.0346234298 0.1856579821 0.0870191397
6157 0.0656340085 0.1913267545 0.0253335582
3520 0.0891067517 -0.0720298166 -0.0084048942
419 0.0540994687 -0.0637686145 -0.3118196844
9287 -0.2735316507 0.2135577736 0.1532274233
4024 0.0980816449 -0.0254609421 0.1243819446
9781 -0.0341344964 -0.1272283733 0.1535591715
1475 0.1838203328 0.174524998 -0.0424223797
1436 0.0061011721 0.0124407206 0.0172473481
9859 -0.0790246934 0.0928605186 -0.1516022633
1240 -0.0157594909 0.1035107906 -0.1711757037
5504 0.0919250922 -0.057101859 0.111795455
2597 0.1036600633 0.1014644575 -0.0474376712
3374 -0.0686877142 -0.0014644521 0.0993947634
8418 0.1335987801 0.033221598 0.3283801216
5327 -0.0323311498 -0.1364277442 -0.1095842361
6489 -0.012540735 -0.0249642073 0.2068324414
1983 -0.1931922006 -0.0057069598 -0.0069756586
1740 0.0355542274 0.0674643458 0.002191157
3249 -0.0013781361 0.0048629749 -0.0671738131
6076 -0.0528531797 0.1970126802 0.0729045005
527 0.0826224384 -0.0486958241 0.0447427091
8519 0.0848396252 0.3252094024 0.1354098764
8294 0.0697915889 -0.027006159 0.0164771307
446 0.0267794613 -0.1665149138 -0.0413509521
9502 -0.0827393294 -0.2347327924 0.1871234776
1234 -0.0800539259 -0.0433249764 0.1042663492
4639 -0.0343100408 0.0855544347 0.0285078993
9285 -0.4487865205 0.0811889978 0.0098240975
4417 -0.1156637392 -0.0819137971 -0.1088004709
3283 0.17198562 -0.2509111034 -0.012440467
8045 -0.0833055071 -0.0807738962 0.0342853972
2265 0.073991355 -0.0514872629 -0.1234855811
9606 -0.2021489792 0.0784686092 -0.1072071625
1345 0.2439011905 0.0149877158 0.2416345218
7756 -0.2075230789 -0.1734118782 0.0247646678
5487 0.23092616 -0.318132871 0.1222401461
6275 0.1339635868 -0.01181097 0.0623055757
5008 0.22679492 0.1677472661 0.1169420265
9968 -0.1195907008 0.2399282555 0.0232625874
3739 -0.0057714556 -0.057807113 -0.1067652072
3813 -0.0627669907 -0.2467260746 0.0787377082
8424 0.0170848946 -0.291660737 -0.0649697013
721 -0.0641919877 -0.1564174309 0.2603074436
1622 -0.0588162112 0.0741379384 -0.0214943041
6732 0.0067866102 -0.3695150823 -0.024023054
5050 -0.0701182191 -0.0355366753 0.1326536802
6207 0.098527674 -0.2279393309 -0.1314979889
412 -0.0656088533 0.2523184354 -0.2244257632
8961 0.1981225383 -0.0946494014 -0.0267687358
6151 -0.0874137157 0.0950308704 -0.2238441894
5507 -0.4177080732 -0.0450720061 0.0098922905
5322 0.3521163451 0.1118630893 -0.0373046177
2335 -0.0842171189 0.0147871458 0.1363510045
1201 0.1767142439 0.1744544246 -0.0313062585
3753 -0.2079451422 0.0388919408 0.0170061754
9497 0.2326552853 0.0788794118 -0.0882479315
3824 0.1404680552 0.0688926712 0.1492464659
195 0.0244631706 0.0165320712 0.0062974141
3162 -0.2547658128 0.0452173681 -0.0819982114
6229 -0.012299281 -0.131901884 0.3225863754
6696 0.188296644 -0.0523219556 -0.0364360048
7966 -0.0839480971 -0.06186637 -0.0918474919
8822 -0.288134502 -0.026423716 0.0614935958
3125 -0.1946499153 0.151702293 0.08122569
2520 -0.0444271459 0.1221399032 0.0424291032
6669 -0.13216813 -0.1456828659 -0.2369486263
3900 -0.1527491512 -0.0121743027 -0.1709185895
443 -0.0739564994 0.1550923738 0.1961655842
4141 0.05665782 0.2208071427 -0.1464145553
5636 -0.1616735059 0.0353619484 -0.027642933
3386 -0.1163961772 -0.0990230599 0.1016610063
5851 0.0142885223 0.1217099739 -0.1827369389
7221 -0.030980116 0.149452238 0.0572920307
2998 -1.8772153063e-04 0.381295526 -0.1658741123
7375 0.2024077799 -0.0484780001 0.0940120732
9107 0.1234561298 0.2783460472 -0.0305390835
843 -0.0284712897 0.1129085536 0.1706047821
8131 -0.0675107717 -0.0129132618 -0.1276453255
8670 -0.1135646441 -0.4155454426 -0.13649765
4008 1.1012513177e-04 -0.0129461702 -0.0705348028
4961 -0.0043133453 -0.0735930775 -0.0292311683
3411 0.1957254896 0.057715296 -0.1143435348
4949 -0.1000584339 0.3854421194 -0.1427870914
6515 -0.0039831929 0.1843560918 -0.010296536
2631 -0.0359114197 -0.1414868655 -0.1287585238
8535 -0.2684292127 -0.1491209559 0.1464716874
6666 0.1270645425 -0.1282855723 0.2312400453
7487 0.0257150089 -0.0628427963 -0.3096156953
8009 -0.2981158002 0.2601221877 0.1194176194
1620 0.1171110857 0.1130370795 0.2759476566
7160 -0.0918402408 0.0273692344 -0.0067156763
5508 -0.0072840295 -0.0790776702 0.0981754016
1763 -0.0539991107 0.0610879094 -0.3079853014
5439 0.2259682829 -0.2047490765 -0.0109582565
4623 -0.0073753698 -0.1988529142 -0.0015373993
2074 -0.0529164514 0.1724168048 -0.2776942145
1527 0.2630230493 -0.074438805 -0.1989540804
132 0.0643056005 0.0340224766 0.1315262207
2980 -0.0317536104 -0.0063539992 -0.023780078
6313 0.2743152806 0.189746773 0.1157332625
5595 0.0398974928 -0.1652013127 -0.2408090423
4527 0.1282723924 -0.06831874 -0.1470884442
2816 -0.169829874 0.2486325045 0.0501790205
4798 0.1403613154 0.0456422024 -0.0225677572
4412 0.0266207687 -0.0794912369 -0.039167498
9046 -0.0289599567 0.1042682738 -0.0731518335
1427 -0.0946746485 0.1700767305 -0.2313040387
8279 0.0445044297 0.0163309054 -0.0684565556
3515 -0.1074525672 -0.1190779065 0.0820016276
2608 -0.0290427022 -0.1050141458 0.0935161779
1812 0.0897192641 -0.1351296526 -0.0605339897
2473 -0.0250173825 -0.1028763391 -0.1211004076
6728 -0.0464369694 0.1781100886 0.2149062169
3679 -0.2032811223 -0.190781388 0.0628564104
3724 0.0778025427 0.0770725891 -0.1092812561
9378 -0.1788878733 0.1579172153 -0.0258313083
2162 0.1012518705 0.2435570456 -0.0614523457
8644 -0.4371084574 -0.1541959121 -0.002495529
1109 -0.0620277858 0.2488325638 -0.1026770631
8810 0.0285706853 -0.1165737696 0.082020207
123 -0.0041654284 -0.0031497636 -0.0593601465
4968 -0.0064401765 0.0582405982 0.0039917458
8276 -0.0957350738 0.0186441754 0.037827773
6409 0.2041131195 0.2569251102 0.013044164
2829 -0.0659613273 0.0093843915 0.1926256383
