LAMMPS molecule file 
 
565 atoms 
 
Coords 
 
 13 -4.01127 -1.00907 -12.24860
 14 -2.16899 -2.22214 -13.37761
 15 -3.37776 -0.52263 -14.53300
 17 -9.31688 -6.15311 -5.67415
 20 -3.25963 -7.33057 -6.89335
 21 -1.43241 -5.70174 -6.11518
 22 -1.10435 -8.43394 -6.06429
 18 -6.74321 -5.51102 -5.82642
 25 -6.05042 -0.86546 -7.64986
 26 -6.12835 -3.26563 -6.63450
 24 -8.60975 -3.67054 -5.61049
 12 -1.96204 -1.52165 -11.07760
 27 -4.71412 -5.40815 -6.96115
 28 -2.61530 -5.29509 -8.34050
 29 -4.19742 -1.18563 -9.77064
 30 -2.43555 -2.81982 -9.00787
 31 -4.69880 -3.38233 -8.51528
 32 -2.92601 -3.41645 -6.31603
 33 -3.72129 -1.28678 -7.42645
 34 -1.24938 -1.62305 -7.16062
 35 -0.51393 -4.02280 -7.73760
 36 -1.85241 -0.21642 -9.11859
 42 -9.90952 -7.17196 -3.35477
 43 -7.59811 -7.62030 -4.51167
 44 -7.74947 -6.91213 -1.91487
 46 -5.78328 -5.99858 -3.61880
 47 -6.79610 -8.42369 -0.29691
 49 -7.92061 -9.18972 -2.71722
 50 -6.07893 -9.71849 -4.38100
 48 -5.62692 -8.25829 -2.63376
 19 -5.50833 -7.63915 -5.58975
 41 -1.54468 -11.16794 -1.82864
 45 -5.56103 -6.32881 -1.09775
 51 -3.63030 -9.59517 -2.36015
 52 -3.63879 -6.10389 -4.92935
 53 -1.64870 -9.78203 -3.99464
 54 -3.57575 -8.50783 -4.52180
 55 -1.59859 -7.16748 -4.07280
 56 -4.03621 -8.20299 -0.10641
 57 -3.57731 -6.85774 -2.59049
 58 -2.52619 -5.74978 -0.73345
 59 -1.29841 -8.41771 -1.62314
 60 -0.20985 -6.04147 -2.16762
 23 -8.96067 -2.98515 -3.11798
 38 -9.59033 -5.08472 -1.66825
 39 -6.71327 -3.45097 -4.16299
 40 -7.09443 -4.43235 -1.85988
 61 -6.85594 -0.19881 -0.78960
 62 -10.60079 -4.68148 -4.06678
 63 -8.33354 -2.72635 -0.47427
 64 -8.22090 -5.23205 -3.76314
 65 -7.36097 -1.04880 -4.96065
 66 -8.59111 -0.57174 -2.51002
 67 -6.35202 -2.01887 -2.35309
 16 -0.13913 -0.76806 -5.29572
  1 -4.49040 -4.05968 -1.89605
  2 -2.70379 -0.76044 -5.03395
  3 -4.59650 -1.29269 -0.63133
  4 -4.66479 -4.02922 -4.56975
  5 -3.60145 -2.10681 -3.21329
  6 -1.09734 -1.95771 -3.39350
  7 -4.92050 -1.72540 -5.15906
  8 -2.15810 -1.55159 -1.19252
  9 -1.99544 -4.45046 -3.48051
 10 -0.85305 -3.86464 -0.94590
 11 -0.22035 -3.30029 -5.32734
 73 -6.11321 -7.57265 2.23087
 74 -8.53449 -5.92733 2.96124
 75 -7.53660 -7.74593 4.39058
110 -8.50171 -5.83268 5.55919
 76 -0.51807 -8.75746 5.26895
 77 -1.86004 -9.97513 0.47574
 78 -2.51621 -7.69965 4.17655
 79 -1.27145 -9.47995 2.88658
 80 -4.00571 -6.27167 2.94006
 81 -3.77528 -9.00272 2.50405
 82 -4.90569 -7.98323 4.64755
 83 -2.18699 -7.36092 1.60920
 85 -0.37464 -6.27034 0.28911
 86 -0.15240 -6.74848 3.30773
114 -3.73536 -5.94969 5.52574
 72 -7.49845 -5.58706 0.52226
 87 -6.19278 -5.24796 4.27179
 88 -10.52684 -0.70358 3.52340
 89 -9.69311 -4.31079 1.18159
 90 -9.25005 -1.93619 1.91375
 91 -6.07576 -2.62962 4.77268
 92 -7.43339 -3.57096 2.48275
 93 -8.04896 -1.51219 4.11745
 94 -6.76079 -1.34382 1.49625
 95 -9.67467 -3.64228 3.95212
 96 -5.81764 -3.35012 0.23785
 97 -9.48303 -0.10013 0.08801
 84 -4.57981 -5.43029 0.86459
 98 -5.29730 -0.50100 3.38190
 99 -2.11128 -5.09761 3.97263
100 -2.08945 -4.91073 1.63399
101 -2.97730 -0.87540 1.44438
102 -3.00307 -0.85623 4.09700
103 -0.66440 -1.50163 4.78246
104 -1.58627 -2.77205 2.93186
105 -4.46542 -3.28134 2.59510
106 -0.58289 -2.03315 0.73055
107 -3.14905 -3.13633 5.38315
108 -3.04623 -3.32350 0.22775
111 -6.19617 -6.82531 6.33994
113 -5.95002 -6.37526 10.46601
115 -1.25926 -6.43569 5.94887
116 -2.91719 -8.31539 6.49003
117 -4.17927 -6.39007 8.04941
112 -7.10254 -5.47552 8.06074
118 -8.00884 -3.40425 6.43884
119 -10.13110 -1.57697 5.84301
120 -7.87585 -0.77265 6.63088
121 -9.19675 -1.64854 8.45254
122 -6.13663 -1.81645 8.34789
123 -8.05902 -3.68411 9.75381
 71 -6.46411 -1.21812 11.17286
124 -2.79066 -4.96262 10.35240
125 -5.27224 -4.17423 6.80029
126 -5.38973 -4.15547 9.35151
127 -2.07659 -4.85141 7.44781
129 -4.89118 -1.10336 6.12102
130 -2.36507 -0.76204 6.54362
131 -0.87743 -2.78494 6.90272
132 -0.68095 -3.64049 9.10470
133 -3.29989 -2.63702 8.49110
134 -1.25321 -1.07121 8.82459
135 -3.83878 -0.81283 10.59671
 69 -1.78798 -2.26428 10.90856
109 -6.46098 -4.08875 12.16705
 70 -0.23178 -4.14533 11.40192
 68 -4.28785 -3.06178 11.21998
140 -1.87283 0.27732 -12.70452
145 -7.00689 5.04968 -5.72023
147 -3.07008 0.93599 -10.77401
148 -0.08776 2.62955 -7.62781
149 -4.74433 0.44413 -6.11375
150 -4.26900 2.89032 -7.05838
151 -2.11216 1.01872 -6.87249
152 -2.15819 2.57367 -8.96446
153 -2.39435 4.55064 -7.15058
154 -4.17694 0.95778 -8.55834
155 -0.59706 4.83635 -8.95427
156 -1.19711 6.84814 -7.49690
157 -3.38201 6.98544 -6.22328
159 -11.20340 3.77656 -0.63050
146 -6.49522 2.08027 -5.41260
160 -8.94943 1.17708 -4.43304
161 -7.08603 1.34409 -2.84545
162 -9.31458 2.16988 -1.83493
163 -7.07917 3.85366 -1.58256
164 -8.10232 3.56595 -3.88117
166 -9.39213 4.80932 -2.10472
184 -9.64548 5.53934 -4.34796
165 -5.56813 3.26427 -3.34007
167 -4.33339 4.71747 -4.91095
168 -1.43430 3.28950 -5.01921
169 -5.31303 1.95315 -1.20293
170 -3.61665 1.95341 -4.71885
171 -0.79336 0.39719 -0.04351
172 -4.76141 0.17391 -3.15053
173 -3.14706 3.02763 -2.18455
174 -1.40084 0.70816 -2.81283
175 -3.14803 0.94883 -0.47934
176 -0.53285 2.92013 -1.01783
177 -1.48916 4.79770 -2.80307
178 -2.26455 4.77273 -0.28148
179 -4.84741 5.29780 -1.38540
180 -11.57296 5.89945 -2.25124
181 -11.69197 8.01941 -0.73636
182 -8.10924 7.31079 -5.21197
183 -7.26888 8.86401 -3.56343
185 -7.75363 6.24860 -0.68009
186 -7.00740 5.97181 -3.20459
187 -7.39105 8.75958 -1.04774
188 -9.42115 7.62149 -2.39456
190 -10.14048 6.15937 -0.26629
189 -5.48907 7.29826 -4.89196
137 -0.30373 6.93424 -3.29306
138 -1.42359 8.22227 -5.31265
139 -1.62832 8.92141 -2.46282
141 -5.34962 7.97130 -2.33346
142 -0.98937 6.82549 -1.04782
143 -3.01603 6.89470 -3.30574
144 -3.33135 7.60056 -0.76019
158 -1.51670 5.77845 -5.23780
191 -12.00867 4.04523 4.25448
192 -11.56132 0.71485 5.19599
193 -12.82190 3.48370 1.43296
219 -14.68735 5.19672 1.04655
194 -10.64594 4.66839 1.93726
195 -10.38449 2.19563 3.45557
196 -6.60052 0.54968 5.13934
197 -10.02619 2.28354 1.04295
198 -5.92123 2.11019 3.26041
199 -8.25327 0.64729 2.73505
200 -7.93154 3.66455 2.48936
201 -7.13399 2.12239 0.49298
202 -8.05623 2.66158 4.61400
203 -9.38932 4.50983 4.28238
204 -6.39161 4.80994 0.77149
205 -6.64286 5.36239 4.60137
206 -8.74826 4.18319 0.18678
207 -9.19254 0.60590 5.14635
208 -5.15628 0.62972 1.12041
209 -5.12734 4.27346 2.68675
210 -4.18694 3.95842 4.88658
211 -3.33559 1.81853 3.12899
212 -2.13659 4.57156 2.69384
213 -1.32257 0.90469 5.03842
214 -0.50525 2.77599 3.38728
215 -1.65650 2.46200 0.99582
216 -0.45362 0.23450 2.59512
217 -4.17587 3.12184 0.70002
218 -1.91580 3.20199 5.46832
221 -13.01400 5.76708 2.65836
220 -13.55485 7.63813 1.10139
222 -12.48939 5.74001 0.12387
224 -12.50204 8.18307 3.45826
226 -12.94007 6.36918 5.17875
223 -11.14557 7.34215 1.64524
225 -10.86103 6.38739 3.85345
227 -9.55491 8.48534 3.36940
228 -5.88291 6.78108 2.39152
229 -7.05487 8.91981 1.81810
230 -7.00096 8.08605 4.23648
231 -8.37206 6.51134 2.08208
232 -9.30570 8.38275 0.43931
233 -8.88825 6.75509 5.07813
234 -5.79021 7.39516 0.05455
235 -4.11728 8.37942 1.42154
236 -1.18694 6.77545 4.16255
237 -4.09578 5.75859 1.11528
238 -2.28995 8.80666 2.82058
239 -3.79281 6.72669 3.80114
240 -1.99719 6.84779 1.27161
241 -4.81261 9.05481 3.63340
242 -0.47183 9.31103 4.25532
243 -2.64721 8.62045 5.27471
244 -1.28110 8.93168 0.16759
245 -0.06537 7.70597 2.32354
247 -10.30298 2.83609 5.91300
248 -8.09911 1.86517 6.92082
249 -6.07108 2.84313 5.94026
250 -8.36011 4.65400 6.94584
251 -6.71291 3.18869 8.49244
252 -5.90629 0.87216 7.52058
253 -7.95863 0.61292 9.20725
254 -10.14923 0.48165 7.35642
267 -10.82827 5.37029 6.04908
256 -3.94414 1.12252 5.66049
128 -3.81339 0.07942 8.26609
255 -5.58292 5.04438 7.02836
257 -2.17339 0.89265 10.09577
258 -5.02253 4.57393 9.55149
259 -3.90291 2.94683 7.61687
260 -2.77222 3.28965 9.99067
261 -1.70249 1.33872 7.70089
262 -1.40729 3.94772 7.95045
263 -5.02521 1.61863 10.15229
264 -0.73242 4.83905 10.10523
265 -0.30126 2.52667 9.49546
266 -0.18969 5.22252 6.01087
268 -11.90544 6.79409 7.58657
269 -11.02559 8.04269 5.63733
270 -8.68315 8.93653 5.85334
271 -7.01664 7.15835 6.73195
272 -9.45480 7.06571 7.44126
278 -4.99529 6.88980 8.34379
277 -2.90866 5.63367 9.09779
246 -0.69303 6.48877 8.29434
273 -0.55614 7.91046 6.37135
274 -4.90379 7.83731 5.97640
275 -2.76184 8.00878 7.72520
276 -3.06369 5.82318 6.52089
292 0.68583 -6.68891 -7.23008
294 4.56865 -7.24310 -6.60892
295 2.55360 -9.08498 -6.64402
297 0.31199 -10.44247 -5.67774
296 3.16948 -5.62572 -7.84525
299 8.78570 -5.90782 -6.06429
298 6.37485 -5.64804 -5.93646
300 4.09180 -2.84043 -9.38751
301 1.72942 -3.74248 -8.74925
302 3.37788 -2.92501 -7.16951
303 1.67142 -4.39495 -6.23101
304 1.16491 -2.00001 -6.98219
305 2.42294 -1.03046 -8.68566
306 4.07938 -4.75552 -5.68953
307 4.31494 -0.51251 -7.31836
308 5.29858 -4.37423 -7.85170
309 4.61982 -0.41491 -9.69335
313 5.51777 -2.65265 -5.66666
 37 0.00487 -1.91920 -9.25556
310 9.18151 -2.13088 -8.46744
311 6.16773 -2.03595 -8.22937
312 7.22584 -0.10762 -9.04779
314 7.69657 -4.03020 -7.47148
315 6.53548 -0.06177 -6.62157
316 8.08097 -1.87087 -6.35739
317 10.58671 -1.34946 -6.31310
318 9.90487 -3.70169 -6.28002
461 11.19455 -0.10441 -8.50342
458 9.08511 -0.02875 -7.50813
320 1.72442 -12.30950 -2.24372
321 4.29664 -12.20655 -2.47656
322 3.00759 -13.72965 -0.57278
323 2.83854 -11.41426 -0.14583
364 0.68005 -12.60274 -0.08762
293 2.51887 -6.64093 -5.39580
327 0.43789 -10.71811 -3.18973
328 5.45755 -10.29154 -4.58772
329 2.59437 -10.93457 -4.46120
330 4.99852 -9.99661 -0.40335
331 3.62952 -8.57869 -4.43478
332 0.57522 -10.23426 -0.72746
333 0.77072 -8.23667 -4.06800
334 2.86811 -9.65701 -2.14318
336 1.27582 -7.72103 -0.85177
337 2.72646 -7.01737 -2.68970
338 3.60479 -7.42042 -0.28856
339 4.76265 -6.44821 -4.14760
341 5.57051 -8.14715 -2.31852
340 4.48033 -5.60873 -1.67605
325 6.50224 -10.77238 -2.20621
342 7.88798 -8.98819 -3.32721
344 6.52391 -7.94925 -5.14417
345 7.68646 -8.75904 -0.75433
346 7.64996 -6.15237 -3.43476
383 11.16989 -5.92584 -0.29144
335 0.43516 -5.57143 -4.45653
347 1.76392 -5.33702 -1.00235
348 0.77001 -3.61852 -2.82833
349 3.30643 -3.38569 -1.85291
350 1.72997 -2.81036 -0.25938
351 4.54015 -0.29986 -4.69437
352 4.94907 -1.88382 -2.79424
353 2.77484 -0.91458 -1.82559
354 2.76359 -4.84564 -3.65713
355 2.45165 -2.17652 -4.46444
356 0.33249 -1.29744 -1.51800
357 5.49250 -4.17312 -3.41943
487 1.28785 -0.02711 -3.52014
285 9.58759 -0.26715 -2.25830
286 10.14788 -2.73478 -2.27744
287 6.80894 -5.59523 -1.15106
288 9.34260 -4.86253 -1.32089
289 9.18275 -2.15828 -4.28423
290 7.13361 -1.24682 -1.45310
291 9.80908 -4.61800 -3.98167
319 7.75584 -3.40165 -2.42908
326 5.65738 -3.38931 -0.96918
358 7.03492 -1.02866 -3.97386
359 7.65307 -3.91005 -4.91031
279 11.17377 -0.89086 -0.35056
406 9.20843 -2.17572 -0.16094
280 12.44936 -1.99595 -2.21561
281 11.62012 -2.87462 -4.46978
282 11.68282 -4.54807 -2.48200
283 11.27273 -0.56638 -4.03455
284 11.34960 -3.41609 -0.40375
363 2.39645 -12.93449 1.72859
362 4.33820 -11.34102 1.91908
324 5.24537 -12.45708 0.01539
366 6.62554 -12.18197 2.13817
361 2.42849 -11.14510 3.51783
367 0.14224 -10.90230 4.35611
368 0.60499 -10.94424 1.72081
369 1.15651 -8.95839 3.27743
370 2.77142 -7.14907 3.89794
371 3.98720 -9.32067 3.61673
372 4.45453 -7.18423 2.18576
373 2.73870 -9.27242 1.27927
374 0.05558 -8.54886 1.06593
375 1.93339 -6.64927 1.49661
376 2.07514 -9.27329 5.35495
377 5.15282 -7.48004 4.73981
379 6.80189 -7.10871 2.86027
380 7.01848 -5.71599 5.05666
381 6.19189 -9.47710 1.85541
382 8.31222 -6.49158 0.55417
343 5.91260 -7.52524 0.25612
365 7.32674 -11.15991 0.02790
384 2.22355 -4.81757 3.37674
385 2.72437 -2.64790 5.33668
386 0.15651 -4.11303 4.89561
387 1.44219 -0.12518 4.80004
388 0.99412 -1.97479 2.98228
389 3.27282 -2.72822 2.45097
390 2.81165 -0.24162 2.71804
391 0.52209 -4.20721 1.51856
392 1.49965 -0.63706 0.75386
393 3.67827 -4.72980 0.72450
394 4.89892 -4.96798 3.72160
395 4.32157 -1.49019 0.23966
396 5.04375 -2.21046 4.09021
397 5.34234 -0.32525 2.41856
398 6.04798 -5.41230 1.13201
399 7.75140 -4.89347 2.69526
400 5.95444 -3.04008 2.11415
401 7.33252 -0.90495 3.75253
402 7.07721 -3.29462 4.57039
403 7.10863 -1.16323 0.92145
404 8.53963 -2.59302 2.48887
405 9.70225 -4.43901 1.19514
407 7.54413 -3.71583 0.30038
410 10.93621 -2.30215 1.78910
409 9.91506 -0.80033 3.77409
408 9.38106 -0.33973 1.48811
411 12.31325 -4.40942 1.48037
412 13.14942 -1.96712 0.68572
531 11.91064 -0.09044 2.17526
378 1.11444 -6.92062 5.68294
419 0.77709 -4.89196 7.29533
416 2.92782 -5.34811 5.76849
421 0.74521 -1.94512 10.41462
420 4.21645 -1.71463 7.55681
422 3.20874 -4.14480 7.78358
413 2.94406 -0.35388 9.56333
414 1.54959 -4.45275 9.70090
415 1.43471 -2.22307 7.97425
417 5.06553 -3.76380 6.15531
418 3.33126 -2.68396 9.79505
136 0.07047 -0.41398 6.75445
360 6.36092 -1.47802 6.19210
429 3.79045 4.95493 -11.62101
434 4.29987 7.02829 -13.02569
463 5.54063 8.84342 -11.64471
435 5.89004 6.24011 -11.37715
438 3.81966 3.03116 -9.97849
439 2.09033 2.96424 -6.48065
440 2.71926 1.44243 -8.24062
441 0.33088 0.29134 -7.81465
442 4.12759 3.78975 -7.49877
443 1.89588 4.02035 -8.71364
444 4.34057 1.81796 -6.05524
445 5.52120 1.80536 -8.52314
446 2.38265 0.05299 -6.08558
447 3.84666 5.51595 -9.24592
448 0.20190 4.80654 -6.85764
449 9.23571 0.48007 -9.96361
450 5.96857 3.46068 -11.13361
451 6.09694 3.71525 -5.92943
452 8.02373 2.20339 -6.92637
453 6.47274 4.70910 -8.58335
454 10.40884 3.28698 -6.15053
455 9.90931 2.20826 -8.47883
456 8.53776 5.19013 -6.33755
457 7.77072 2.51642 -9.68685
459 10.96026 0.98046 -6.20073
460 12.15813 2.30627 -7.82481
433 3.55455 7.66122 -10.72287
464 1.87425 5.89056 -10.34919
467 2.67165 5.61864 -6.80833
465 3.30935 7.81065 -8.31378
466 1.16242 6.67153 -8.17862
468 0.75518 7.00646 -5.64566
469 4.89253 6.25536 -6.78406
470 2.72002 8.29305 -6.18467
472 0.43140 8.95133 -7.03720
436 5.44616 7.37406 -9.14901
473 5.41690 8.89066 -7.24150
474 7.18935 7.15071 -7.32654
476 0.48371 1.54831 -5.32423
477 3.84888 4.18508 -5.20080
478 2.86634 2.02043 -3.64387
479 4.31187 2.98085 -0.87209
480 0.41807 2.75935 -3.00303
481 2.02532 3.27836 -0.98523
482 1.32018 0.98112 -1.24408
483 3.30276 4.81398 -2.68473
484 5.13218 0.61738 -2.18078
485 0.68474 5.10018 -1.88183
486 1.17356 4.84645 -4.43204
491 5.53491 3.36185 -3.46305
498 5.48275 4.91587 -1.39105
488 6.41341 1.31540 -4.79651
489 8.91563 0.18585 -4.96384
490 8.21942 3.04875 -4.44253
492 7.91792 1.19416 -2.96732
493 9.66122 3.19987 -1.88434
494 8.23673 0.69513 -0.46340
495 7.03055 2.70562 -1.27271
496 7.70652 4.75555 -2.91334
497 9.95885 4.74334 -4.16994
499 10.42886 1.91829 -3.99534
500 7.76450 4.98388 -0.53406
501 11.82067 0.96119 -2.11126
471 4.86136 8.42285 -4.94940
462 0.72908 8.77398 -4.25927
475 3.20348 5.93769 -0.36505
502 3.26934 6.56370 -4.51610
503 3.02892 8.81627 -3.56327
504 0.60520 8.92740 -1.70190
505 4.62216 7.10331 -2.62517
507 1.92163 7.10762 -2.51169
508 3.12357 8.77744 -1.06771
431 7.56926 10.11002 -0.27725
432 5.67206 8.62715 -0.88849
437 7.29057 8.58553 -5.57671
545 10.93191 7.42169 -0.14875
423 9.85859 9.61339 -0.27080
424 8.59425 6.99340 -4.07388
425 6.19986 6.13943 -4.51599
426 6.44263 8.88396 -3.15424
427 8.72233 8.58716 -2.19940
428 9.54001 6.15679 -2.00956
430 6.98974 6.87261 -1.95958
509 1.99664 2.21135 3.73816
510 2.97469 3.62879 1.39743
511 0.89969 2.21164 1.11534
512 4.37532 1.83806 2.45578
513 4.13593 3.71257 4.18260
514 1.25054 5.08165 3.42729
515 4.41623 0.11192 5.06741
516 0.33628 5.04235 0.71223
517 3.28179 1.08333 0.36544
525 5.75295 1.00413 0.27076
518 6.14334 2.09771 3.97983
519 8.36399 1.07109 4.48231
520 8.24213 3.16049 3.07320
521 7.58154 1.09877 2.07474
522 5.96878 3.55390 1.16968
523 6.54022 4.68796 4.11425
524 8.70420 2.90590 0.71248
526 10.13159 1.61263 2.97163
527 10.90951 1.57489 0.35728
528 10.06215 4.98893 0.23327
529 9.21738 5.27840 3.87804
530 7.97567 5.19137 1.73527
532 1.49131 7.77004 4.62889
533 2.26389 7.24958 2.15766
534 3.37951 6.03301 5.05517
535 4.38927 5.72166 2.53162
536 4.48373 8.51193 3.84731
537 4.08695 8.13807 0.97104
506 1.10454 7.58934 0.07107
538 6.26012 8.95688 1.55939
539 7.27160 7.05631 3.27065
540 10.00766 7.73496 4.54985
541 8.27754 7.53980 0.22023
542 8.64226 9.65417 2.48107
543 9.96070 6.84710 2.04007
544 5.94028 6.45948 0.57511
546 11.03493 8.98452 1.82601
547 7.41375 8.91350 5.52573
549 2.25455 4.28378 6.01565
550 0.50045 2.19721 6.65577
551 1.08982 4.53607 8.43445
552 2.61393 2.42275 8.94566
553 3.13827 2.13571 6.28840
554 3.79529 5.10029 7.99921
555 5.14605 0.69612 8.28727
556 0.63304 0.39287 9.06496
557 5.40156 3.33357 9.13001
558 2.46859 0.06263 7.15093
559 5.36485 3.25127 6.34394
560 8.23942 3.41161 5.76128
561 6.87357 0.93387 6.23581
562 7.43060 2.48630 8.21111
563 6.84770 4.93385 7.85593
564 1.72229 6.67828 7.09145
548 8.15696 6.12284 5.95829
565 5.60204 6.48854 6.06209

Types 
 
 13  1
 14  1
 15  1
 17  1
 20  1
 21  1
 22  1
 18  1
 25  1
 26  1
 24  1
 12  1
 27  1
 28  1
 29  1
 30  1
 31  1
 32  2
 33  1
 34  1
 35  1
 36  1
 42  1
 43  1
 44  1
 46  1
 47  1
 49  1
 50  1
 48  1
 19  1
 41  1
 45  1
 51  1
 52  1
 53  1
 54  1
 55  1
 56  2
 57  1
 58  1
 59  2
 60  1
 23  1
 38  1
 39  1
 40  1
 61  1
 62  1
 63  2
 64  1
 65  2
 66  1
 67  1
 16  1
  1  2
  2  1
  3  1
  4  1
  5  1
  6  1
  7  1
  8  1
  9  2
 10  1
 11  1
 73  2
 74  1
 75  1
110  1
 76  1
 77  1
 78  1
 79  1
 80  1
 81  1
 82  1
 83  1
 85  1
 86  2
114  1
 72  2
 87  2
 88  1
 89  1
 90  1
 91  1
 92  1
 93  1
 94  1
 95  2
 96  1
 97  2
 84  1
 98  1
 99  1
100  1
101  2
102  1
103  1
104  1
105  2
106  1
107  2
108  1
111  1
113  2
115  1
116  1
117  2
112  1
118  2
119  1
120  1
121  1
122  2
123  2
 71  2
124  2
125  1
126  1
127  1
129  1
130  1
131  1
132  1
133  2
134  1
135  1
 69  1
109  2
 70  1
 68  1
140  1
145  1
147  1
148  1
149  1
150  1
151  2
152  1
153  1
154  1
155  1
156  1
157  1
159  1
146  2
160  1
161  1
162  2
163  1
164  1
166  1
184  1
165  1
167  2
168  2
169  1
170  1
171  1
172  2
173  2
174  2
175  1
176  1
177  1
178  1
179  2
180  1
181  1
182  1
183  1
185  1
186  2
187  1
188  2
190  1
189  1
137  1
138  1
139  1
141  1
142  1
143  2
144  1
158  1
191  1
192  1
193  1
219  1
194  2
195  1
196  1
197  1
198  1
199  2
200  1
201  2
202  1
203  1
204  1
205  2
206  1
207  1
208  1
209  1
210  1
211  2
212  2
213  1
214  1
215  1
216  2
217  1
218  1
221  1
220  1
222  1
224  1
226  1
223  1
225  1
227  1
228  1
229  1
230  1
231  2
232  1
233  1
234  1
235  1
236  1
237  1
238  1
239  2
240  1
241  1
242  1
243  1
244  1
245  1
247  1
248  1
249  1
250  2
251  1
252  1
253  2
254  1
267  1
256  1
128  1
255  1
257  1
258  1
259  2
260  1
261  1
262  1
263  2
264  1
265  1
266  2
268  1
269  1
270  1
271  1
272  1
278  1
277  1
246  1
273  1
274  1
275  1
276  2
292  2
294  1
295  2
297  1
296  1
299  1
298  1
300  1
301  1
302  1
303  1
304  1
305  1
306  1
307  1
308  1
309  1
313  2
 37  1
310  1
311  1
312  1
314  1
315  1
316  1
317  1
318  1
461  1
458  1
320  1
321  2
322  1
323  1
364  1
293  1
327  1
328  2
329  1
330  1
331  1
332  1
333  2
334  2
336  1
337  1
338  1
339  1
341  2
340  1
325  1
342  1
344  1
345  1
346  2
383  1
335  1
347  1
348  1
349  1
350  1
351  1
352  1
353  1
354  1
355  2
356  1
357  1
487  1
285  1
286  1
287  1
288  1
289  1
290  1
291  1
319  1
326  1
358  1
359  1
279  1
406  1
280  1
281  1
282  1
283  1
284  1
363  1
362  1
324  1
366  1
361  1
367  1
368  1
369  1
370  1
371  1
372  1
373  2
374  1
375  1
376  1
377  1
379  1
380  1
381  2
382  1
343  1
365  1
384  1
385  2
386  2
387  1
388  1
389  1
390  1
391  2
392  1
393  2
394  2
395  2
396  1
397  1
398  1
399  1
400  1
401  1
402  1
403  1
404  1
405  1
407  1
410  1
409  1
408  1
411  1
412  1
531  1
378  1
419  1
416  1
421  1
420  1
422  1
413  1
414  1
415  2
417  1
418  1
136  1
360  1
429  1
434  1
463  1
435  2
438  1
439  1
440  1
441  1
442  1
443  1
444  1
445  2
446  1
447  1
448  1
449  1
450  1
451  1
452  2
453  2
454  1
455  1
456  2
457  1
459  1
460  1
433  1
464  1
467  1
465  1
466  1
468  1
469  1
470  1
472  1
436  1
473  1
474  1
476  1
477  1
478  2
479  1
480  1
481  1
482  1
483  1
484  2
485  1
486  2
491  2
498  1
488  1
489  1
490  1
492  1
493  2
494  1
495  1
496  1
497  1
499  1
500  1
501  1
471  1
462  1
475  2
502  1
503  1
504  1
505  1
507  1
508  1
431  1
432  1
437  1
545  1
423  1
424  1
425  2
426  1
427  1
428  1
430  1
509  2
510  1
511  1
512  1
513  1
514  2
515  2
516  2
517  1
525  1
518  1
519  1
520  1
521  1
522  2
523  1
524  1
526  1
527  2
528  1
529  1
530  1
532  2
533  1
534  1
535  2
536  2
537  1
506  1
538  1
539  2
540  2
541  2
542  2
543  1
544  1
546  1
547  2
549  1
550  2
551  1
552  2
553  1
554  2
555  2
556  1
557  1
558  1
559  2
560  2
561  1
562  1
563  1
564  1
548  1
565  2
