1.00 1.50 1.50
1.00 7.50 1.50
1.00 13.50 1.50
1.00 19.50 1.50
2.00 4.50 1.50
2.00 10.50 1.50
2.00 16.50 1.50
2.00 22.50 1.50
3.00 3.00 4.10
3.00 9.00 4.10
3.00 15.00 4.10
3.00 21.00 4.10
4.00 6.00 4.10
4.00 12.00 4.10
4.00 18.00 4.10
1.00 1.50 6.70
1.00 7.50 6.70
1.00 13.50 6.70
1.00 19.50 6.70
2.00 4.50 6.70
2.00 10.50 6.70
2.00 16.50 6.70
2.00 22.50 6.70
3.00 3.00 9.29
3.00 9.00 9.29
3.00 15.00 9.29
3.00 21.00 9.29
4.00 6.00 9.29
4.00 12.00 9.29
4.00 18.00 9.29
1.00 1.50 11.89
1.00 7.50 11.89
1.00 13.50 11.89
1.00 19.50 11.89
2.00 4.50 11.89
2.00 10.50 11.89
2.00 16.50 11.89
2.00 22.50 11.89
3.00 3.00 14.49
3.00 9.00 14.49
3.00 15.00 14.49
3.00 21.00 14.49
4.00 6.00 14.49
4.00 12.00 14.49
4.00 18.00 14.49
1.00 1.50 17.09
1.00 7.50 17.09
1.00 13.50 17.09
1.00 19.50 17.09
2.00 4.50 17.09
2.00 10.50 17.09
2.00 16.50 17.09
2.00 22.50 17.09
3.00 3.00 19.69
3.00 9.00 19.69
3.00 15.00 19.69
3.00 21.00 19.69
4.00 6.00 19.69
4.00 12.00 19.69
4.00 18.00 19.69
1.00 1.50 22.28
1.00 7.50 22.28
1.00 13.50 22.28
1.00 19.50 22.28
2.00 4.50 22.28
2.00 10.50 22.28
2.00 16.50 22.28
2.00 22.50 22.28
